time	
466.802	
466.816	
466.816	
466.83	
466.844	
466.844	
466.858	
466.872	
466.886	
466.886	
466.9	
466.914	
466.914	
466.928	
466.943	
466.956	
466.956	
466.97	
466.984	
466.984	
466.998	
467.013	
467.026	
467.026	
467.04	
467.054	
467.054	
467.068	
467.082	
467.097	
467.097	
467.11	
467.127	
467.127	
467.138	
467.152	
467.167	
467.167	
467.18	
467.194	
467.194	
467.208	
467.222	
467.236	
467.236	
467.256	
467.264	
467.264	
467.278	
467.292	
467.306	
467.306	
467.32	
467.334	
467.334	
467.348	
467.362	
467.376	
467.376	
467.39	
467.404	
467.404	
467.418	
467.432	
467.447	
467.447	
467.46	
467.474	
467.474	
467.488	
467.502	
467.516	
467.516	
467.53	
467.544	
467.544	
467.558	
467.572	
467.586	
467.586	
467.6	
467.614	
467.614	
467.628	
467.642	
467.656	
467.656	
467.67	
467.684	
467.684	
467.698	
467.712	
467.728	
467.728	
467.74	
467.754	
467.754	
467.77	
467.782	
467.796	
467.796	
467.814	
467.824	
467.824	
467.838	
467.852	
467.867	
467.867	
467.88	
467.896	
467.896	
467.908	
467.922	
467.936	
467.936	
467.95	
467.965	
467.965	
467.978	
467.992	
468.006	
468.006	
468.02	
468.034	
468.034	
468.048	
468.063	
468.076	
468.076	
468.09	
468.104	
468.104	
468.118	
468.132	
468.146	
468.146	
468.16	
468.174	
468.174	
468.188	
468.202	
468.216	
468.216	
468.23	
468.244	
468.244	
468.258	
468.272	
468.286	
468.286	
468.3	
468.314	
468.314	
468.328	
468.342	
468.356	
468.356	
468.37	
468.385	
468.385	
468.398	
468.412	
468.426	
468.426	
468.44	
468.454	
468.454	
468.468	
468.482	
468.496	
468.496	
468.51	
468.524	
468.524	
468.538	
468.552	
468.566	
468.566	
468.58	
468.594	
468.594	
468.608	
468.622	
468.637	
468.637	
468.65	
468.664	
468.664	
468.678	
468.692	
468.706	
468.706	
468.72	
468.734	
468.734	
468.748	
468.762	
468.776	
468.776	
468.79	
468.804	
468.804	
468.818	
468.832	
468.846	
468.846	
468.86	
468.874	
468.874	
468.888	
468.902	
468.916	
468.916	
468.932	
468.944	
468.944	
468.958	
468.972	
468.986	
468.986	
469	
469.014	
469.014	
469.028	
469.042	
469.056	
469.056	
469.07	
469.084	
469.084	
469.098	
469.112	
469.126	
469.126	
469.14	
469.154	
469.154	
469.169	
469.182	
469.196	
469.196	
469.21	
469.224	
469.224	
469.238	
469.252	
469.266	
469.266	
469.28	
469.294	
469.294	
469.308	
469.323	
469.336	
469.336	
469.35	
469.364	
469.364	
469.378	
469.392	
469.406	
469.406	
469.42	
469.434	
469.434	
469.448	
469.462	
469.476	
469.476	
469.49	
469.504	
469.504	
469.518	
469.533	
469.546	
469.546	
469.56	
469.574	
469.574	
469.588	
469.602	
469.616	
469.616	
469.63	
469.644	
469.644	
469.658	
469.672	
469.686	
469.686	
469.7	
469.714	
469.714	
469.729	
469.742	
469.757	
469.757	
469.77	
469.784	
469.784	
469.798	
469.812	
469.826	
469.826	
469.84	
469.854	
469.854	
469.868	
469.882	
469.896	
469.896	
469.91	
469.924	
469.924	
469.938	
469.952	
469.966	
469.966	
469.984	
469.994	
469.994	
470.008	
470.022	
470.037	
470.037	
470.053	
470.064	
470.064	
470.078	
470.092	
470.106	
470.106	
470.12	
470.135	
470.135	
470.148	
470.162	
470.176	
470.176	
470.19	
470.204	
470.204	
470.218	
470.232	
470.246	
470.246	
470.26	
470.274	
470.274	
470.289	
470.302	
470.316	
470.316	
470.33	
470.344	
470.344	
470.358	
470.375	
470.386	
470.386	
470.4	
470.414	
470.414	
470.428	
470.442	
470.456	
470.456	
470.47	
470.484	
470.484	
470.502	
470.512	
470.526	
470.526	
470.54	
470.554	
470.554	
470.569	
470.582	
470.596	
470.596	
470.61	
470.624	
470.624	
470.638	
470.653	
470.666	
470.666	
470.68	
470.694	
470.694	
470.708	
470.722	
470.736	
470.736	
470.75	
470.764	
470.764	
470.778	
470.792	
470.806	
470.806	
470.82	
470.834	
470.834	
470.851	
470.862	
470.876	
470.876	
470.89	
470.904	
470.904	
470.919	
470.933	
470.946	
470.946	
470.96	
470.974	
470.974	
470.988	
471.002	
471.017	
471.017	
471.03	
471.044	
471.044	
471.058	
471.072	
471.086	
471.086	
471.106	
471.114	
471.114	
471.128	
471.142	
471.156	
471.156	
471.17	
471.184	
471.184	
471.198	
471.212	
471.226	
471.226	
471.24	
471.254	
471.254	
471.268	
471.282	
471.296	
471.296	
471.31	
471.324	
471.338	
471.338	
471.352	
471.366	
471.366	
471.38	
471.394	
471.394	
471.422	
471.422	
471.436	
471.436	
471.45	
471.464	
471.464	
471.478	
471.492	
471.506	
471.506	
471.52	
471.534	
471.534	
471.548	
471.562	
471.576	
471.576	
471.59	
471.604	
471.618	
471.618	
471.632	
471.646	
471.646	
471.66	
471.675	
471.675	
471.688	
471.702	
471.716	
471.716	
471.73	
471.744	
471.744	
471.758	
471.772	
471.786	
471.786	
471.8	
471.814	
471.828	
471.828	
471.842	
471.856	
471.856	
471.87	
471.884	
471.884	
471.898	
471.912	
471.926	
471.926	
471.94	
471.954	
471.954	
471.968	
471.982	
471.996	
471.996	
472.01	
472.024	
472.024	
472.038	
472.052	
472.066	
472.066	
472.08	
472.094	
472.094	
472.122	
472.122	
472.136	
472.136	
472.15	
472.164	
472.164	
472.178	
472.193	
472.207	
472.207	
472.224	
472.234	
472.234	
472.248	
472.262	
472.276	
472.276	
472.29	
472.304	
472.304	
472.304	
472.333	
472.346	
472.346	
472.36	
472.374	
472.374	
472.388	
472.402	
472.402	
472.43	
472.43	
472.444	
472.444	
472.458	
472.472	
472.486	
472.486	
472.5	
472.514	
472.514	
472.528	
472.542	
472.556	
472.556	
472.57	
472.584	
472.584	
472.598	
472.612	
472.626	
472.626	
472.64	
472.654	
472.654	
472.668	
472.682	
472.696	
472.696	
472.712	
472.724	
472.724	
472.738	
472.752	
472.766	
472.766	
472.78	
472.794	
472.794	
472.808	
472.822	
472.822	
472.838	
472.85	
472.864	
472.864	
472.878	
472.892	
472.906	
472.906	
472.92	
472.934	
472.934	
472.948	
472.962	
472.976	
472.976	
472.99	
473.004	
473.004	
473.018	
473.035	
473.035	
473.047	
473.06	
473.076	
473.088	
473.088	
473.102	
473.117	
473.117	
473.13	
473.144	
473.144	
473.158	
473.172	
473.186	
473.186	
473.202	
473.214	
473.214	
473.228	
473.242	
473.256	
473.256	
473.27	
473.284	
473.284	
473.298	
473.312	
473.326	
473.326	
473.34	
473.354	
473.354	
473.368	
473.382	
473.396	
473.396	
473.41	
473.426	
473.426	
473.438	
473.452	
473.466	
473.466	
473.481	
473.494	
473.494	
473.508	
473.522	
473.536	
473.536	
473.551	
473.564	
473.564	
473.578	
473.592	
473.606	
473.606	
473.62	
473.634	
473.634	
473.648	
473.662	
473.676	
473.676	
473.692	
473.704	
473.704	
473.718	
473.732	
473.746	
473.746	
473.76	
473.774	
473.774	
473.788	
473.802	
473.816	
473.816	
473.83	
473.844	
473.844	
473.858	
473.872	
473.886	
473.886	
473.9	
473.914	
473.914	
473.928	
473.942	
473.956	
473.97	
473.97	
473.984	
473.984	
473.998	
474.012	
474.026	
474.026	
474.04	
474.054	
474.054	
474.068	
474.082	
474.096	
474.096	
474.11	
474.124	
474.124	
474.138	
474.152	
474.166	
474.166	
474.18	
474.194	
474.194	
474.208	
474.222	
474.236	
474.236	
474.25	
474.264	
474.264	
474.278	
474.292	
474.306	
474.306	
474.32	
474.334	
474.334	
474.349	
474.362	
474.376	
474.376	
474.39	
474.404	
474.404	
474.418	
474.432	
474.446	
474.446	
474.46	
474.474	
474.488	
474.488	
474.502	
474.516	
474.516	
474.53	
474.544	
474.544	
474.558	
474.572	
474.586	
474.586	
474.6	
474.614	
