time	
1320.37	
1320.39	
1320.4	
1320.4	
1320.42	
1320.43	
1320.43	
1320.44	
1320.46	
1320.46	
1320.47	
1320.49	
1320.5	
1320.5	
1320.51	
1320.53	
1320.53	
1320.54	
1320.56	
1320.57	
1320.57	
1320.58	
1320.6	
1320.6	
1320.61	
1320.63	
1320.64	
1320.64	
1320.65	
1320.67	
1320.67	
1320.68	
1320.7	
1320.71	
1320.71	
1320.72	
1320.74	
1320.74	
1320.75	
1320.77	
1320.78	
1320.78	
1320.79	
1320.81	
1320.81	
1320.82	
1320.84	
1320.85	
1320.85	
1320.86	
1320.88	
1320.88	
1320.89	
1320.91	
1320.92	
1320.92	
1320.93	
1320.95	
1320.95	
1320.96	
1320.98	
1320.99	
1320.99	
1321	
1321.02	
1321.02	
1321.03	
1321.05	
1321.06	
1321.06	
1321.07	
1321.09	
1321.09	
1321.1	
1321.12	
1321.13	
1321.13	
1321.14	
1321.16	
1321.17	
1321.17	
1321.19	
1321.2	
1321.2	
1321.21	
1321.23	
1321.23	
1321.24	
1321.26	
1321.27	
1321.27	
1321.28	
1321.3	
1321.3	
1321.31	
1321.33	
1321.34	
1321.34	
1321.35	
1321.37	
1321.37	
1321.38	
1321.4	
1321.41	
1321.41	
1321.42	
1321.44	
1321.45	
1321.45	
1321.47	
1321.48	
1321.48	
1321.49	
1321.51	
1321.51	
1321.52	
1321.54	
1321.55	
1321.55	
1321.56	
1321.58	
1321.58	
1321.59	
1321.61	
1321.62	
1321.62	
1321.63	
1321.65	
1321.65	
1321.66	
1321.68	
1321.69	
1321.69	
1321.7	
1321.72	
1321.72	
1321.73	
1321.75	
1321.76	
1321.76	
1321.77	
1321.79	
1321.79	
1321.8	
1321.82	
1321.83	
1321.83	
1321.84	
1321.86	
1321.86	
1321.87	
1321.89	
1321.9	
1321.9	
1321.91	
1321.93	
1321.93	
1321.94	
1321.96	
1321.97	
1321.97	
1321.98	
1322	
1322	
1322.01	
1322.03	
1322.04	
1322.04	
1322.05	
1322.07	
1322.07	
1322.08	
1322.1	
1322.11	
1322.11	
1322.12	
1322.12	
1322.14	
1322.15	
1322.17	
1322.18	
1322.18	
1322.18	
1322.21	
1322.22	
1322.22	
1322.24	
1322.25	
1322.25	
1322.26	
1322.28	
1322.29	
1322.29	
1322.31	
1322.32	
1322.32	
1322.33	
1322.35	
1322.35	
1322.36	
1322.38	
1322.39	
1322.39	
1322.4	
1322.42	
1322.42	
1322.43	
1322.45	
1322.46	
1322.46	
1322.47	
1322.47	
1322.49	
1322.5	
1322.52	
1322.53	
1322.53	
1322.54	
1322.56	
1322.56	
1322.57	
1322.59	
1322.6	
1322.6	
1322.61	
1322.63	
1322.63	
1322.64	
1322.66	
1322.67	
1322.67	
1322.68	
1322.7	
1322.7	
1322.71	
1322.73	
1322.74	
1322.74	
1322.75	
1322.77	
1322.77	
1322.78	
1322.8	
1322.81	
1322.81	
1322.82	
1322.84	
1322.84	
1322.85	
1322.87	
1322.88	
1322.88	
1322.89	
1322.91	
1322.91	
1322.92	
1322.94	
1322.95	
1322.95	
1322.96	
1322.98	
1322.98	
1322.99	
1323.01	
1323.02	
1323.02	
1323.03	
1323.05	
1323.05	
1323.06	
1323.08	
1323.09	
1323.09	
1323.1	
1323.12	
1323.12	
1323.13	
1323.15	
1323.16	
1323.16	
1323.17	
1323.17	
1323.2	
1323.2	
1323.22	
1323.23	
1323.23	
1323.24	
1323.26	
1323.26	
1323.27	
1323.29	
1323.3	
1323.3	
1323.31	
1323.33	
1323.33	
1323.34	
1323.36	
1323.37	
1323.37	
1323.38	
1323.4	
1323.4	
1323.42	
1323.43	
1323.44	
1323.44	
1323.45	
1323.47	
1323.47	
1323.48	
1323.5	
1323.51	
1323.51	
1323.52	
1323.54	
1323.54	
1323.55	
1323.57	
1323.58	
1323.58	
1323.59	
1323.61	
1323.62	
1323.62	
1323.64	
1323.65	
1323.65	
1323.66	
1323.68	
1323.68	
1323.69	
1323.71	
1323.72	
1323.72	
1323.73	
1323.75	
1323.75	
1323.76	
1323.78	
1323.79	
1323.79	
1323.8	
1323.82	
1323.82	
1323.83	
1323.85	
1323.86	
1323.86	
1323.87	
1323.89	
1323.89	
1323.9	
1323.92	
1323.93	
1323.93	
1323.94	
1323.96	
1323.96	
1323.97	
1323.99	
1324	
1324	
1324.01	
1324.03	
1324.04	
1324.04	
1324.06	
1324.07	
1324.07	
1324.08	
1324.1	
1324.1	
1324.11	
1324.13	
1324.14	
1324.14	
1324.15	
1324.17	
1324.17	
1324.18	
1324.2	
1324.21	
1324.21	
1324.22	
1324.24	
1324.24	
1324.25	
1324.27	
1324.28	
1324.28	
1324.29	
1324.31	
1324.31	
1324.32	
1324.34	
1324.35	
1324.35	
1324.36	
1324.38	
1324.38	
1324.39	
1324.41	
1324.42	
1324.42	
1324.43	
1324.45	
1324.45	
1324.46	
1324.48	
1324.49	
1324.49	
1324.5	
1324.52	
1324.52	
1324.53	
1324.55	
1324.56	
1324.56	
1324.57	
1324.59	
1324.59	
1324.6	
1324.62	
1324.63	
1324.63	
1324.64	
1324.66	
1324.66	
1324.67	
1324.69	
1324.7	
1324.7	
1324.71	
1324.73	
1324.73	
1324.74	
1324.76	
1324.77	
1324.77	
1324.78	
1324.78	
1324.8	
1324.81	
1324.83	
1324.84	
1324.84	
1324.85	
1324.87	
1324.87	
1324.88	
1324.9	
1324.91	
1324.91	
1324.92	
1324.94	
1324.94	
1324.95	
1324.97	
1324.98	
1324.98	
1324.99	
1325.01	
1325.01	
1325.02	
1325.04	
1325.05	
1325.05	
1325.06	
1325.08	
1325.08	
1325.09	
1325.11	
1325.12	
1325.12	
1325.13	
1325.15	
1325.15	
1325.16	
1325.18	
1325.19	
1325.19	
1325.2	
1325.22	
1325.22	
1325.23	
1325.25	
1325.26	
1325.26	
1325.27	
1325.29	
1325.29	
1325.3	
1325.32	
1325.33	
1325.33	
1325.34	
1325.36	
1325.36	
1325.37	
1325.39	
1325.4	
1325.4	
1325.41	
1325.43	
1325.44	
1325.44	
1325.46	
1325.46	
1325.47	
1325.47	
1325.5	
1325.5	
1325.51	
1325.53	
1325.54	
1325.54	
1325.55	
1325.57	
1325.57	
1325.58	
1325.6	
1325.61	
1325.61	
1325.62	
1325.64	
1325.64	
1325.65	
1325.67	
1325.68	
1325.68	
1325.69	
1325.71	
1325.72	
1325.72	
1325.74	
1325.75	
1325.75	
1325.76	
1325.78	
1325.78	
1325.79	
1325.81	
1325.82	
1325.82	
1325.84	
1325.85	
1325.85	
1325.86	
1325.88	
1325.89	
1325.89	
1325.9	
1325.92	
1325.92	
1325.93	
1325.95	
1325.95	
1325.96	
1325.97	
1325.99	
1325.99	
1326	
1326.02	
1326.03	
1326.03	
1326.04	
1326.06	
1326.06	
1326.07	
1326.09	
1326.1	
1326.1	
1326.11	
1326.13	
1326.13	
1326.14	
1326.16	
1326.17	
1326.17	
1326.18	
1326.2	
1326.2	
1326.21	
1326.23	
1326.24	
1326.24	
1326.26	
1326.27	
1326.28	
1326.28	
1326.3	
1326.31	
1326.31	
1326.33	
1326.34	
1326.34	
1326.35	
1326.37	
1326.38	
1326.38	
1326.39	
1326.41	
1326.42	
1326.42	
1326.44	
1326.45	
1326.45	
1326.47	
1326.48	
1326.48	
1326.49	
1326.51	
1326.52	
1326.52	
1326.53	
1326.55	
1326.55	
1326.56	
1326.58	
1326.59	
1326.59	
1326.6	
1326.62	
1326.62	
1326.63	
1326.65	
1326.66	
1326.66	
1326.67	
1326.69	
1326.69	
1326.7	
1326.72	
1326.73	
1326.73	
1326.74	
1326.76	
1326.76	
1326.77	
1326.79	
1326.8	
1326.8	
1326.81	
1326.83	
1326.83	
1326.84	
1326.86	
1326.87	
1326.87	
1326.89	
1326.9	
1326.9	
1326.91	
1326.93	
1326.94	
1326.94	
1326.95	
1326.97	
1326.97	
1326.98	
1327	
1327.01	
1327.01	
1327.02	
1327.04	
1327.05	
1327.05	
1327.07	
1327.08	
1327.08	
1327.09	
1327.11	
1327.11	
1327.12	
1327.14	
1327.15	
1327.15	
1327.16	
1327.18	
1327.18	
1327.19	
1327.21	
1327.22	
1327.22	
1327.23	
1327.25	
1327.25	
1327.26	
1327.28	
1327.29	
1327.29	
1327.3	
1327.32	
1327.32	
1327.33	
1327.35	
1327.36	
1327.36	
1327.37	
1327.39	
1327.39	
1327.4	
1327.42	
1327.43	
1327.43	
1327.44	
1327.46	
1327.46	
1327.47	
1327.49	
1327.5	
1327.5	
1327.51	
1327.53	
1327.53	
1327.54	
1327.56	
1327.57	
1327.57	
1327.58	
1327.6	
1327.6	
1327.61	
1327.63	
1327.64	
1327.64	
1327.65	
1327.67	
1327.67	
1327.68	
1327.7	
1327.71	
1327.71	
1327.73	
1327.74	
1327.74	
1327.75	
1327.77	
1327.78	
1327.78	
1327.79	
1327.81	
1327.81	
1327.82	
1327.84	
1327.85	
1327.85	
1327.86	
1327.88	
1327.88	
1327.89	
1327.91	
1327.92	
1327.92	
1327.93	
1327.95	
1327.95	
1327.96	
1327.98	
1327.99	
1327.99	
1328	
1328.02	
1328.02	
1328.03	
1328.05	
1328.06	
1328.06	
1328.07	
1328.09	
1328.09	
1328.1	
1328.12	
1328.13	
1328.13	
1328.14	
1328.16	
1328.16	
1328.17	
1328.19	
1328.2	
1328.2	
1328.21	
1328.23	
1328.23	
1328.24	
1328.26	
1328.27	
1328.27	
1328.28	
1328.3	
1328.3	
1328.31	
1328.33	
1328.34	
1328.34	
1328.35	
1328.37	
1328.37	
1328.38	
1328.4	
1328.41	
1328.41	
1328.42	
1328.44	
1328.44	
1328.45	
1328.47	
1328.48	
1328.48	
1328.49	
1328.51	
1328.51	
1328.52	
1328.54	
1328.55	
1328.56	
1328.56	
1328.58	
1328.59	
1328.59	
1328.61	
1328.62	
1328.62	
1328.63	
1328.65	
1328.66	
1328.66	
1328.68	
1328.69	
1328.69	
1328.7	
1328.72	
1328.72	
1328.73	
1328.75	
1328.76	
1328.76	
1328.77	
1328.79	
1328.79	
1328.8	
1328.82	
1328.83	
1328.83	
1328.84	
1328.86	
1328.86	
1328.87	
1328.89	
1328.9	
1328.9	
1328.91	
1328.93	
1328.93	
1328.94	
1328.96	
1328.97	
1328.97	
1328.98	
1329	
1329	
1329.01	
1329.03	
1329.04	
1329.04	
1329.05	
1329.07	
1329.07	
1329.08	
1329.1	
1329.11	
1329.11	
1329.12	
1329.14	
1329.14	
1329.15	
1329.17	
1329.18	
1329.18	
1329.19	
1329.21	
1329.21	
1329.22	
1329.24	
1329.25	
1329.25	
1329.26	
1329.28	
1329.28	
1329.29	
1329.31	
1329.32	
1329.32	
1329.33	
1329.35	
1329.35	
1329.36	
1329.38	
1329.39	
1329.39	
1329.4	
1329.42	
1329.42	
1329.43	
1329.45	
1329.46	
1329.46	
1329.47	
1329.49	
1329.49	
1329.5	
1329.52	
1329.53	
1329.53	
1329.54	
1329.56	
1329.56	
1329.57	
1329.59	
1329.6	
1329.6	
1329.61	
1329.63	
1329.63	
1329.64	
1329.66	
1329.67	
1329.67	
1329.68	
1329.7	
1329.7	
1329.71	
1329.73	
1329.74	
1329.74	
1329.75	
1329.77	
1329.77	
1329.78	
1329.8	
1329.81	
1329.81	
1329.82	
1329.84	
1329.84	
1329.85	
1329.87	
1329.88	
1329.88	
1329.89	
1329.91	
1329.91	
1329.92	
1329.94	
1329.95	
1329.95	
1329.96	
1329.98	
1329.98	
1329.99	
1330.01	
1330.02	
1330.02	
1330.03	
1330.05	
1330.05	
1330.06	
1330.08	
1330.09	
1330.09	
1330.1	
1330.12	
1330.12	
1330.13	
1330.15	
1330.16	
1330.16	
