time	
4577.3	
4577.32	
4577.33	
4577.35	
4577.35	
4577.36	
4577.36	
4577.37	
4577.39	
4577.4	
4577.4	
4577.41	
4577.41	
4577.43	
4577.44	
4577.46	
4577.47	
4577.47	
4577.48	
4577.5	
4577.5	
4577.51	
4577.53	
4577.54	
4577.54	
4577.55	
4577.57	
4577.57	
4577.58	
4577.6	
4577.61	
4577.61	
4577.62	
4577.64	
4577.64	
4577.65	
4577.67	
4577.67	
4577.68	
4577.69	
4577.71	
4577.71	
4577.72	
4577.74	
4577.75	
4577.75	
4577.77	
4577.78	
4577.78	
4577.79	
4577.81	
4577.82	
4577.82	
4577.83	
4577.83	
4577.86	
4577.86	
4577.88	
4577.89	
4577.89	
4577.9	
4577.92	
4577.92	
4577.93	
4577.95	
4577.96	
4577.96	
4577.97	
4577.99	
4577.99	
4578	
4578	
4578.03	
4578.03	
4578.04	
4578.06	
4578.06	
4578.07	
4578.08	
4578.1	
4578.1	
4578.11	
4578.13	
4578.13	
4578.14	
4578.16	
4578.17	
4578.17	
4578.18	
4578.2	
4578.2	
4578.21	
4578.23	
4578.24	
4578.24	
4578.25	
4578.27	
4578.28	
4578.28	
4578.28	
4578.31	
4578.31	
4578.33	
4578.34	
4578.34	
4578.35	
4578.37	
4578.38	
4578.38	
4578.39	
4578.41	
4578.41	
4578.42	
4578.44	
4578.45	
4578.45	
4578.46	
4578.48	
4578.48	
4578.49	
4578.51	
4578.51	
4578.52	
4578.53	
4578.55	
4578.55	
4578.56	
4578.58	
4578.59	
4578.59	
4578.61	
4578.62	
4578.62	
4578.63	
4578.65	
4578.65	
4578.67	
4578.67	
4578.69	
4578.69	
4578.7	
4578.72	
4578.73	
4578.73	
4578.74	
4578.76	
4578.76	
4578.77	
4578.79	
4578.8	
4578.8	
4578.81	
4578.83	
4578.83	
4578.84	
4578.85	
4578.87	
4578.87	
4578.88	
4578.9	
4578.9	
4578.91	
4578.93	
4578.94	
4578.94	
4578.95	
4578.97	
4578.97	
4578.99	
4579	
4579.01	
4579.01	
4579.02	
4579.04	
4579.05	
4579.05	
4579.07	
4579.08	
4579.08	
4579.1	
4579.11	
4579.11	
4579.12	
4579.14	
4579.15	
4579.15	
4579.16	
4579.16	
4579.18	
4579.19	
4579.21	
4579.22	
4579.22	
4579.23	
4579.25	
4579.25	
4579.26	
4579.28	
4579.29	
4579.29	
4579.3	
4579.32	
4579.32	
4579.33	
4579.35	
4579.36	
4579.36	
4579.37	
4579.39	
4579.4	
4579.4	
4579.42	
4579.43	
4579.43	
4579.44	
4579.46	
4579.46	
4579.47	
4579.49	
4579.5	
4579.5	
4579.51	
4579.53	
4579.53	
4579.54	
4579.56	
4579.57	
4579.57	
4579.58	
4579.6	
4579.6	
4579.61	
4579.62	
4579.64	
4579.64	
4579.65	
4579.67	
4579.67	
4579.69	
4579.7	
4579.71	
4579.71	
4579.72	
4579.74	
4579.74	
4579.75	
4579.77	
4579.78	
4579.78	
4579.79	
4579.81	
4579.81	
4579.82	
4579.83	
4579.85	
4579.85	
4579.86	
4579.88	
4579.88	
4579.89	
4579.91	
4579.91	
4579.92	
4579.93	
4579.95	
4579.96	
4579.96	
4579.98	
4579.99	
4579.99	
4580.01	
4580.02	
4580.02	
4580.03	
4580.05	
4580.06	
4580.06	
4580.07	
4580.09	
4580.09	
4580.1	
4580.12	
4580.13	
4580.13	
4580.14	
4580.16	
4580.16	
4580.17	
4580.19	
4580.2	
4580.2	
4580.21	
4580.23	
4580.23	
4580.24	
4580.26	
4580.27	
4580.27	
4580.28	
4580.3	
4580.3	
4580.31	
4580.33	
4580.34	
4580.34	
4580.35	
4580.37	
4580.38	
4580.38	
4580.4	
4580.4	
4580.42	
4580.42	
4580.44	
4580.45	
4580.45	
4580.47	
4580.48	
4580.48	
4580.49	
4580.51	
4580.51	
4580.52	
4580.54	
4580.55	
4580.55	
4580.56	
4580.58	
4580.58	
4580.59	
4580.6	
4580.62	
4580.62	
4580.63	
4580.65	
4580.65	
4580.66	
4580.68	
4580.69	
4580.69	
4580.7	
4580.72	
4580.72	
4580.73	
4580.75	
4580.76	
4580.76	
4580.77	
4580.79	
4580.79	
4580.8	
4580.82	
4580.83	
4580.83	
4580.84	
4580.86	
4580.86	
4580.87	
4580.89	
4580.9	
4580.9	
4580.91	
4580.93	
4580.93	
4580.94	
4580.96	
4580.97	
4580.97	
4580.98	
4581	
4581	
4581.01	
4581.03	
4581.04	
4581.04	
4581.05	
4581.07	
4581.07	
4581.08	
4581.1	
4581.11	
4581.11	
4581.12	
4581.14	
4581.14	
4581.15	
4581.17	
4581.18	
4581.18	
4581.19	
4581.21	
4581.21	
4581.22	
4581.24	
4581.25	
4581.25	
4581.26	
4581.28	
4581.29	
4581.29	
4581.31	
4581.32	
4581.32	
4581.33	
4581.35	
4581.35	
4581.36	
4581.38	
4581.39	
4581.39	
4581.4	
4581.42	
4581.42	
4581.43	
4581.45	
4581.46	
4581.46	
4581.47	
4581.49	
4581.49	
4581.5	
4581.52	
4581.53	
4581.53	
4581.54	
4581.56	
4581.57	
4581.57	
4581.59	
4581.6	
4581.6	
4581.61	
4581.63	
4581.63	
4581.64	
4581.66	
4581.67	
4581.67	
4581.68	
4581.7	
4581.7	
4581.71	
4581.73	
4581.74	
4581.74	
4581.75	
4581.77	
4581.77	
4581.78	
4581.8	
4581.81	
4581.81	
4581.82	
4581.84	
4581.84	
4581.85	
4581.87	
4581.88	
4581.88	
4581.89	
4581.91	
4581.91	
4581.92	
4581.94	
4581.95	
4581.95	
4581.96	
4581.98	
4581.98	
4581.99	
4582.01	
4582.02	
4582.02	
4582.03	
4582.05	
4582.05	
4582.06	
4582.08	
4582.09	
4582.09	
4582.1	
4582.12	
4582.12	
4582.13	
4582.15	
4582.16	
4582.16	
4582.17	
4582.19	
4582.19	
4582.2	
4582.22	
4582.23	
4582.23	
4582.24	
4582.26	
4582.26	
4582.27	
4582.29	
4582.3	
4582.3	
4582.31	
4582.33	
4582.33	
4582.34	
4582.35	
4582.37	
4582.37	
4582.38	
4582.4	
4582.4	
4582.41	
4582.43	
4582.44	
4582.44	
4582.45	
4582.47	
4582.47	
4582.48	
4582.5	
4582.51	
4582.51	
4582.52	
4582.54	
4582.54	
4582.55	
4582.57	
4582.58	
4582.58	
4582.59	
4582.61	
4582.61	
4582.62	
4582.64	
4582.65	
4582.65	
4582.66	
4582.68	
4582.68	
4582.69	
4582.71	
4582.72	
4582.72	
4582.74	
4582.75	
4582.75	
4582.76	
4582.78	
4582.79	
4582.79	
4582.8	
4582.82	
4582.82	
4582.83	
4582.85	
4582.86	
4582.86	
4582.87	
4582.89	
4582.89	
4582.9	
4582.92	
4582.93	
4582.93	
4582.94	
4582.96	
4582.96	
4582.97	
4582.99	
4583	
4583	
4583.01	
4583.03	
4583.03	
4583.04	
4583.06	
4583.07	
4583.07	
4583.08	
4583.1	
4583.1	
4583.11	
4583.12	
4583.14	
4583.14	
4583.15	
4583.17	
4583.17	
4583.18	
4583.2	
4583.21	
4583.21	
4583.22	
4583.24	
4583.24	
4583.25	
4583.27	
4583.28	
4583.28	
4583.29	
4583.31	
4583.31	
4583.32	
4583.33	
4583.35	
4583.35	
4583.36	
4583.38	
4583.38	
4583.39	
4583.41	
4583.42	
4583.42	
4583.43	
4583.45	
4583.45	
4583.46	
4583.48	
4583.49	
4583.49	
4583.5	
4583.52	
4583.52	
4583.53	
4583.55	
4583.56	
4583.56	
4583.57	
4583.59	
4583.6	
4583.6	
4583.62	
4583.63	
4583.63	
4583.64	
4583.66	
4583.66	
4583.67	
4583.69	
4583.7	
4583.7	
4583.71	
4583.73	
4583.73	
4583.74	
4583.76	
4583.77	
4583.77	
4583.78	
4583.8	
4583.8	
4583.81	
4583.83	
4583.84	
4583.85	
4583.85	
4583.87	
4583.87	
4583.88	
4583.9	
4583.91	
4583.91	
4583.92	
4583.94	
4583.94	
4583.95	
4583.97	
4583.98	
4583.98	
4583.99	
4584.01	
4584.02	
4584.02	
4584.04	
4584.05	
4584.05	
4584.06	
4584.08	
4584.08	
4584.1	
4584.1	
4584.12	
4584.12	
4584.13	
4584.15	
4584.15	
4584.16	
4584.18	
4584.19	
4584.19	
4584.2	
4584.23	
4584.23	
4584.23	
4584.25	
4584.26	
4584.26	
4584.27	
4584.29	
4584.29	
4584.3	
4584.32	
4584.33	
4584.33	
4584.34	
4584.36	
4584.36	
4584.37	
4584.39	
4584.4	
4584.4	
4584.41	
4584.43	
