time	
591.753	
591.753	
591.781	
591.781	
591.795	
591.795	
591.809	
591.823	
591.823	
591.837	
591.851	
591.865	
591.865	
591.879	
591.893	
591.893	
591.907	
591.921	
591.935	
591.935	
591.949	
591.963	
591.963	
591.977	
591.991	
592.005	
592.005	
592.019	
592.033	
592.033	
592.048	
592.061	
592.075	
592.089	
592.089	
592.103	
592.103	
592.117	
592.131	
592.145	
592.145	
592.159	
592.173	
592.173	
592.187	
592.201	
592.215	
592.215	
592.229	
592.243	
592.243	
592.257	
592.271	
592.285	
592.285	
592.3	
592.313	
592.313	
592.327	
592.341	
592.355	
592.355	
592.369	
592.383	
592.383	
592.397	
592.411	
592.425	
592.425	
592.439	
592.453	
592.453	
592.467	
592.481	
592.495	
592.495	
592.509	
592.523	
592.523	
592.537	
592.551	
592.565	
592.565	
592.579	
592.593	
592.607	
592.607	
592.621	
592.635	
592.635	
592.649	
592.663	
592.663	
592.677	
592.691	
592.705	
592.705	
592.719	
592.733	
592.733	
592.747	
592.761	
592.775	
592.775	
592.789	
592.804	
592.804	
592.817	
592.831	
592.845	
592.845	
592.859	
592.873	
592.873	
592.889	
592.901	
592.915	
592.915	
592.929	
592.943	
592.943	
592.962	
592.973	
592.985	
592.985	
592.999	
593.015	
593.015	
593.027	
593.041	
593.055	
593.055	
593.069	
593.083	
593.083	
593.097	
593.111	
593.125	
593.125	
593.139	
593.153	
593.153	
593.167	
593.181	
593.195	
593.195	
593.209	
593.223	
593.237	
593.237	
593.252	
593.265	
593.265	
593.279	
593.307	
593.307	
593.307	
593.323	
593.335	
593.335	
593.349	
593.363	
593.378	
593.378	
593.391	
593.405	
593.405	
593.419	
593.433	
593.433	
593.447	
593.447	
593.475	
593.475	
593.489	
593.503	
593.503	
593.517	
593.531	
593.545	
593.545	
593.559	
593.576	
593.576	
593.587	
593.601	
593.615	
593.615	
593.629	
593.643	
593.643	
593.657	
593.671	
593.685	
593.685	
593.699	
593.714	
593.714	
593.727	
593.727	
593.746	
593.758	
593.769	
593.783	
593.783	
593.797	
593.797	
593.825	
593.825	
593.839	
593.853	
593.853	
593.867	
593.881	
593.895	
593.895	
593.909	
593.923	
593.923	
593.945	
593.945	
593.965	
593.965	
593.979	
593.993	
593.993	
594.01	
594.01	
594.035	
594.035	
594.049	
594.063	
594.063	
594.077	
594.093	
594.105	
594.105	
594.119	
594.133	
594.133	
594.152	
594.161	
594.175	
594.175	
594.189	
594.203	
594.203	
594.223	
594.232	
594.245	
594.245	
594.262	
594.273	
594.273	
594.287	
594.301	
594.315	
594.315	
594.329	
594.343	
594.343	
594.357	
594.375	
594.385	
594.385	
594.399	
594.413	
594.413	
594.427	
594.441	
594.455	
594.455	
594.475	
594.483	
594.483	
594.497	
594.511	
594.525	
594.525	
594.539	
594.553	
594.553	
594.567	
594.581	
594.595	
594.595	
594.609	
594.623	
594.623	
594.637	
594.651	
594.665	
594.665	
594.679	
594.693	
594.693	
594.707	
594.707	
594.735	
594.735	
594.75	
594.763	
594.763	
594.777	
594.791	
594.805	
594.805	
594.819	
594.833	
594.833	
594.855	
594.861	
594.875	
594.875	
594.894	
594.894	
594.907	
594.917	
594.931	
594.945	
594.945	
594.959	
594.973	
594.973	
594.987	
595.001	
595.015	
595.015	
595.029	
595.043	
595.043	
595.057	
595.071	
595.071	
595.086	
595.099	
595.113	
595.113	
595.127	
595.141	
595.155	
595.155	
595.169	
595.183	
595.183	
595.197	
595.211	
595.225	
595.225	
595.239	
595.253	
595.253	
595.267	
595.281	
595.295	
595.295	
595.309	
595.323	
595.323	
595.337	
595.351	
595.365	
595.365	
595.379	
595.393	
595.393	
595.407	
595.421	
595.435	
595.435	
595.449	
595.463	
595.463	
595.477	
595.491	
595.505	
595.505	
595.519	
595.533	
595.533	
595.547	
595.561	
595.576	
595.576	
595.589	
595.603	
595.603	
595.617	
595.631	
595.645	
595.645	
595.661	
595.673	
595.673	
595.687	
595.701	
595.715	
595.715	
595.729	
595.746	
595.746	
595.757	
595.771	
595.771	
595.795	
595.799	
595.813	
595.813	
595.828	
595.843	
595.855	
595.855	
595.869	
595.883	
595.883	
595.897	
595.911	
595.925	
595.925	
595.939	
595.955	
595.955	
595.967	
595.981	
595.995	
595.995	
596.009	
596.023	
596.023	
596.037	
596.055	
596.055	
596.07	
596.079	
596.079	
596.098	
596.107	
596.125	
596.125	
596.136	
596.149	
596.149	
596.177	
596.177	
596.193	
596.205	
596.205	
596.219	
596.233	
596.233	
596.247	
596.261	
596.275	
596.275	
596.289	
596.303	
596.303	
596.317	
596.331	
596.345	
596.345	
596.359	
596.373	
596.373	
596.387	
596.401	
596.415	
596.415	
596.429	
596.443	
596.443	
596.457	
596.471	
596.485	
596.485	
596.499	
596.513	
596.513	
596.527	
596.541	
596.555	
596.555	
596.569	
596.583	
596.583	
596.597	
596.611	
596.611	
596.626	
596.639	
596.653	
596.653	
596.667	
596.681	
596.695	
596.695	
596.709	
596.723	
596.723	
596.737	
596.751	
596.765	
596.765	
596.779	
596.793	
596.793	
596.807	
596.821	
596.835	
596.835	
596.849	
596.863	
596.863	
596.877	
596.891	
596.905	
596.905	
596.919	
596.933	
596.933	
596.947	
596.961	
596.975	
596.975	
596.989	
597.003	
597.003	
597.017	
597.031	
597.045	
597.045	
597.059	
597.073	
597.073	
597.087	
597.101	
597.115	
597.115	
597.129	
597.144	
597.144	
597.157	
597.171	
597.185	
597.185	
597.199	
597.213	
597.213	
597.227	
597.241	
597.255	
597.255	
597.269	
597.283	
597.283	
597.297	
597.311	
597.325	
597.325	
597.339	
597.353	
597.353	
597.367	
597.381	
597.395	
597.395	
597.409	
597.423	
597.423	
597.437	
597.451	
597.465	
597.465	
597.479	
597.479	
597.496	
597.507	
597.521	
597.535	
597.535	
597.549	
597.563	
597.563	
597.578	
597.591	
597.605	
597.605	
597.619	
597.633	
597.633	
597.647	
597.661	
597.675	
597.675	
597.689	
597.704	
597.704	
597.717	
597.731	
597.745	
597.745	
597.76	
597.773	
597.773	
597.787	
597.801	
597.801	
597.818	
597.829	
597.843	
597.843	
597.857	
597.871	
597.885	
597.885	
597.899	
597.913	
597.913	
597.927	
597.941	
597.955	
597.955	
597.969	
597.983	
597.983	
597.997	
598.011	
598.025	
598.025	
598.039	
598.053	
598.053	
598.068	
598.081	
598.081	
598.096	
598.109	
598.123	
598.123	
598.137	
598.151	
598.165	
598.165	
598.179	
598.193	
598.193	
598.207	
598.221	
598.235	
598.235	
598.249	
598.263	
598.263	
598.277	
598.291	
598.305	
598.305	
598.319	
598.333	
598.333	
598.348	
598.361	
598.375	
598.375	
598.389	
598.403	
598.403	
598.417	
598.431	
598.445	
598.445	
598.459	
598.473	
598.473	
598.487	
598.501	
598.515	
598.515	
598.529	
598.543	
598.543	
598.557	
598.571	
598.585	
598.585	
598.599	
598.613	
598.613	
598.627	
598.641	
598.655	
598.655	
598.669	
598.683	
598.683	
598.697	
598.711	
598.725	
598.725	
598.739	
598.753	
598.753	
598.767	
598.781	
598.795	
598.795	
598.809	
598.824	
598.824	
598.837	
598.851	
598.865	
598.865	
598.879	
598.893	
598.893	
598.907	
598.921	
598.935	
598.935	
598.949	
598.963	
598.963	
598.977	
598.991	
599.005	
599.005	
599.019	
599.033	
599.033	
599.047	
599.061	
599.075	
599.075	
599.089	
599.103	
599.103	
599.117	
599.131	
599.145	
599.145	
599.159	
599.173	
599.173	
599.187	
599.201	
599.215	
599.215	
599.229	
599.243	
599.243	
599.257	
599.271	
599.285	
599.285	
599.299	
599.313	
599.313	
599.327	
599.341	
599.355	
599.355	
599.369	
599.383	
599.383	
599.397	
599.411	
599.425	
599.425	
599.439	
599.453	
599.453	
599.467	
599.481	
599.495	
599.495	
599.509	
599.523	
599.523	
599.537	
599.551	
599.568	
599.568	
599.579	
599.593	
599.593	
599.607	
599.621	
599.635	
599.635	
599.653	
599.663	
599.663	
599.677	
599.691	
599.705	
599.705	
599.719	
599.736	
599.736	
599.747	
599.761	
599.775	
599.775	
599.789	
599.803	
599.803	
599.817	
599.831	
599.845	
599.845	
599.859	
599.874	
599.874	
599.887	
599.903	
599.915	
599.915	
599.929	
599.943	
599.943	
599.957	
599.971	
599.985	
599.985	
599.999	
600.013	
600.013	
600.027	
600.041	
600.055	
600.055	
600.069	
600.083	
600.083	
600.098	
600.111	
600.125	
600.125	
600.139	
600.153	
600.153	
600.167	
600.181	
600.195	
600.195	
600.209	
600.223	
600.223	
600.237	
600.253	
600.265	
600.265	
600.279	
600.293	
600.293	
600.307	
600.321	
600.335	
