time	
3573.92	
3573.94	
3573.95	
3573.96	
3573.96	
3573.98	
3573.99	
3574.01	
3574.01	
3574.02	
3574.03	
3574.03	
3574.05	
3574.06	
3574.08	
3574.08	
3574.09	
3574.1	
3574.1	
3574.12	
3574.12	
3574.15	
3574.15	
3574.16	
3574.17	
3574.17	
3574.19	
3574.2	
3574.22	
3574.22	
3574.23	
3574.24	
3574.24	
3574.26	
3574.27	
3574.29	
3574.29	
3574.3	
3574.31	
3574.31	
3574.33	
3574.34	
3574.36	
3574.36	
3574.37	
3574.38	
3574.38	
3574.4	
3574.41	
3574.43	
3574.43	
3574.44	
3574.45	
3574.45	
3574.47	
3574.48	
3574.5	
3574.5	
3574.51	
3574.52	
3574.52	
3574.54	
3574.55	
3574.57	
3574.57	
3574.58	
3574.59	
3574.59	
3574.61	
3574.62	
3574.64	
3574.64	
3574.65	
3574.66	
3574.66	
3574.68	
3574.69	
3574.71	
3574.71	
3574.72	
3574.73	
3574.73	
3574.75	
3574.76	
3574.78	
3574.78	
3574.79	
3574.8	
3574.8	
3574.82	
3574.83	
3574.85	
3574.85	
3574.86	
3574.87	
3574.87	
3574.89	
3574.9	
3574.92	
3574.92	
3574.93	
3574.94	
3574.94	
3574.96	
3574.97	
3574.99	
3574.99	
3575	
3575.01	
3575.01	
3575.03	
3575.04	
3575.06	
3575.06	
3575.07	
3575.08	
3575.08	
3575.1	
3575.11	
3575.13	
3575.13	
3575.14	
3575.15	
3575.15	
3575.17	
3575.18	
3575.2	
3575.2	
3575.21	
3575.22	
3575.22	
3575.24	
3575.25	
3575.27	
3575.27	
3575.28	
3575.29	
3575.29	
3575.31	
3575.32	
3575.34	
3575.34	
3575.35	
3575.36	
3575.36	
3575.38	
3575.39	
3575.41	
3575.41	
3575.42	
3575.43	
3575.43	
3575.45	
3575.46	
3575.48	
3575.48	
3575.49	
3575.5	
3575.5	
3575.52	
3575.53	
3575.55	
3575.55	
3575.56	
3575.57	
3575.57	
3575.59	
3575.6	
3575.62	
3575.62	
3575.63	
3575.64	
3575.64	
3575.66	
3575.67	
3575.67	
3575.69	
3575.7	
3575.71	
3575.71	
3575.73	
3575.74	
3575.76	
3575.76	
3575.77	
3575.78	
3575.78	
3575.8	
3575.81	
3575.83	
3575.83	
3575.84	
3575.85	
3575.85	
3575.87	
3575.89	
3575.9	
3575.9	
3575.91	
3575.92	
3575.92	
3575.94	
3575.95	
3575.97	
3575.97	
3575.98	
3575.99	
3575.99	
3576.01	
3576.02	
3576.04	
3576.04	
3576.05	
3576.06	
3576.06	
3576.08	
3576.09	
3576.11	
3576.11	
3576.12	
3576.13	
3576.13	
3576.15	
3576.16	
3576.18	
3576.18	
3576.19	
3576.2	
3576.2	
3576.22	
3576.23	
3576.25	
3576.25	
3576.26	
3576.27	
3576.27	
3576.29	
3576.3	
3576.32	
3576.32	
3576.33	
3576.34	
3576.34	
3576.36	
3576.37	
3576.39	
3576.39	
3576.4	
3576.41	
3576.41	
3576.43	
3576.44	
3576.46	
3576.46	
3576.47	
3576.48	
3576.48	
3576.5	
3576.51	
3576.53	
3576.53	
3576.54	
3576.55	
3576.55	
3576.57	
3576.58	
3576.6	
3576.6	
3576.61	
3576.62	
3576.62	
3576.64	
3576.65	
3576.67	
3576.67	
3576.68	
3576.69	
3576.69	
3576.71	
3576.72	
3576.74	
3576.74	
3576.75	
3576.76	
3576.76	
3576.78	
3576.79	
3576.81	
3576.81	
3576.82	
3576.83	
3576.83	
3576.85	
3576.86	
3576.88	
3576.88	
3576.89	
3576.9	
3576.9	
3576.92	
3576.93	
3576.95	
3576.95	
3576.96	
3576.97	
3576.97	
3576.99	
3577	
3577.02	
3577.02	
3577.03	
3577.04	
3577.04	
3577.06	
3577.07	
3577.09	
3577.09	
3577.1	
3577.11	
3577.11	
3577.13	
3577.14	
3577.16	
3577.16	
3577.17	
3577.18	
3577.18	
3577.2	
3577.21	
3577.23	
3577.23	
3577.24	
3577.25	
3577.25	
3577.27	
3577.28	
3577.3	
3577.3	
3577.31	
3577.32	
3577.32	
3577.34	
3577.35	
3577.37	
3577.37	
3577.38	
3577.39	
3577.39	
3577.41	
3577.42	
3577.44	
3577.44	
3577.45	
3577.46	
3577.46	
3577.48	
3577.49	
3577.51	
3577.51	
3577.52	
3577.53	
3577.53	
3577.55	
3577.56	
3577.58	
3577.58	
3577.59	
3577.6	
3577.6	
3577.62	
3577.63	
3577.65	
3577.65	
3577.66	
3577.67	
3577.67	
3577.69	
3577.7	
3577.72	
3577.72	
3577.73	
3577.74	
3577.74	
3577.76	
3577.77	
3577.79	
3577.79	
3577.8	
3577.81	
3577.81	
3577.83	
3577.84	
3577.86	
3577.86	
3577.87	
3577.88	
3577.88	
3577.9	
3577.91	
3577.93	
3577.93	
3577.94	
3577.95	
3577.95	
3577.97	
3577.98	
3578	
3578	
3578.01	
3578.02	
3578.02	
3578.04	
3578.05	
3578.07	
3578.07	
3578.08	
3578.09	
3578.09	
3578.11	
3578.12	
3578.14	
3578.14	
3578.15	
3578.16	
3578.16	
3578.18	
3578.19	
3578.21	
3578.21	
3578.22	
3578.24	
3578.24	
3578.25	
3578.26	
3578.26	
3578.28	
3578.29	
3578.3	
3578.3	
3578.32	
3578.33	
3578.35	
3578.35	
3578.36	
3578.37	
3578.37	
3578.39	
3578.4	
3578.42	
3578.42	
3578.43	
3578.44	
3578.44	
3578.46	
3578.47	
3578.49	
3578.49	
3578.5	
3578.51	
3578.53	
3578.53	
3578.54	
3578.56	
3578.56	
3578.57	
3578.58	
3578.58	
3578.6	
3578.61	
3578.63	
3578.63	
3578.64	
3578.65	
3578.65	
3578.67	
3578.68	
3578.7	
3578.7	
3578.71	
3578.72	
3578.72	
3578.74	
3578.75	
3578.77	
3578.77	
3578.78	
3578.79	
3578.79	
3578.81	
3578.82	
3578.82	
3578.84	
3578.85	
3578.86	
3578.86	
3578.88	
3578.89	
3578.91	
3578.91	
3578.92	
3578.93	
3578.93	
3578.95	
3578.96	
3578.98	
3578.98	
3578.99	
3579	
3579	
3579.02	
3579.03	
3579.03	
3579.05	
3579.06	
3579.07	
3579.07	
3579.09	
3579.1	
3579.12	
3579.12	
3579.13	
3579.14	
3579.14	
3579.16	
3579.17	
3579.19	
3579.19	
3579.2	
3579.21	
3579.21	
3579.23	
3579.24	
3579.26	
3579.26	
3579.27	
3579.28	
3579.28	
3579.3	
3579.31	
3579.33	
3579.33	
3579.34	
3579.35	
3579.35	
3579.37	
3579.38	
3579.4	
3579.4	
3579.41	
3579.42	
3579.42	
3579.44	
3579.45	
3579.47	
3579.47	
3579.48	
3579.49	
3579.49	
3579.51	
3579.52	
3579.54	
3579.54	
3579.55	
3579.56	
3579.56	
3579.58	
3579.59	
3579.61	
3579.61	
3579.62	
3579.63	
3579.63	
3579.65	
3579.66	
3579.68	
3579.68	
3579.69	
3579.7	
3579.7	
3579.72	
3579.73	
3579.75	
3579.75	
3579.76	
3579.77	
3579.77	
3579.79	
3579.8	
3579.82	
3579.82	
3579.83	
3579.84	
3579.86	
3579.86	
3579.87	
3579.89	
3579.89	
3579.9	
3579.91	
3579.91	
3579.93	
3579.94	
3579.96	
3579.96	
3579.97	
3579.98	
3579.98	
3580	
3580.01	
3580.03	
3580.03	
3580.04	
3580.05	
3580.05	
3580.07	
3580.08	
3580.08	
3580.1	
3580.11	
3580.12	
3580.12	
3580.14	
3580.15	
3580.17	
3580.17	
3580.18	
3580.19	
3580.19	
3580.21	
3580.22	
3580.24	
3580.24	
3580.25	
3580.26	
3580.28	
3580.28	
3580.29	
3580.31	
3580.31	
3580.32	
3580.33	
3580.33	
3580.35	
3580.36	
3580.38	
3580.38	
3580.39	
3580.4	
3580.4	
3580.42	
3580.43	
3580.45	
3580.45	
3580.46	
3580.47	
3580.47	
3580.49	
3580.5	
3580.52	
3580.52	
3580.53	
3580.54	
3580.56	
3580.56	
3580.57	
3580.59	
3580.59	
3580.6	
3580.61	
3580.61	
3580.63	
3580.64	
3580.64	
3580.66	
3580.67	
3580.68	
3580.68	
3580.7	
3580.71	
3580.73	
3580.73	
3580.74	
3580.75	
3580.75	
3580.77	
3580.78	
3580.78	
3580.8	
3580.81	
3580.82	
3580.82	
3580.84	
3580.85	
3580.87	
3580.88	
3580.88	
3580.89	
3580.89	
3580.91	
3580.92	
3580.94	
3580.94	
3580.95	
3580.96	
3580.98	
3580.98	
3580.99	
3581.01	
3581.01	
3581.02	
