time	
5715.43	
5715.43	
5715.45	
5715.46	
5715.47	
5715.47	
5715.49	
5715.5	
5715.52	
5715.52	
5715.53	
5715.54	
5715.54	
5715.56	
5715.57	
5715.57	
5715.58	
5715.6	
5715.61	
5715.61	
5715.63	
5715.64	
5715.64	
5715.66	
5715.67	
5715.68	
5715.68	
5715.7	
5715.71	
5715.71	
5715.73	
5715.74	
5715.75	
5715.75	
5715.77	
5715.78	
5715.78	
5715.8	
5715.81	
5715.82	
5715.82	
5715.84	
5715.85	
5715.87	
5715.87	
5715.88	
5715.89	
5715.89	
5715.91	
5715.92	
5715.92	
5715.94	
5715.95	
5715.96	
5715.96	
5715.98	
5715.99	
5716.01	
5716.01	
5716.02	
5716.03	
5716.03	
5716.05	
5716.06	
5716.06	
5716.08	
5716.09	
5716.1	
5716.1	
5716.12	
5716.13	
5716.13	
5716.15	
5716.16	
5716.17	
5716.17	
5716.19	
5716.2	
5716.2	
5716.22	
5716.23	
5716.24	
5716.24	
5716.26	
5716.27	
5716.27	
5716.29	
5716.3	
5716.31	
5716.31	
5716.33	
5716.34	
5716.34	
5716.35	
5716.37	
5716.38	
5716.38	
5716.4	
5716.41	
5716.41	
5716.43	
5716.44	
5716.45	
5716.45	
5716.47	
5716.48	
5716.48	
5716.5	
5716.51	
5716.51	
5716.53	
5716.54	
5716.55	
5716.57	
5716.57	
5716.58	
5716.59	
5716.59	
5716.61	
5716.62	
5716.62	
5716.64	
5716.65	
5716.66	
5716.66	
5716.68	
5716.69	
5716.69	
5716.71	
5716.72	
5716.73	
5716.73	
5716.75	
5716.76	
5716.76	
5716.78	
5716.79	
5716.8	
5716.8	
5716.82	
5716.83	
5716.85	
5716.85	
5716.86	
5716.87	
5716.87	
5716.89	
5716.9	
5716.9	
5716.92	
5716.93	
5716.94	
5716.94	
5716.96	
5716.97	
5716.97	
5716.99	
5717	
5717.01	
5717.01	
5717.03	
5717.03	
5717.05	
5717.06	
5717.07	
5717.07	
5717.09	
5717.1	
5717.1	
5717.11	
5717.12	
5717.14	
5717.15	
5717.15	
5717.17	
5717.18	
5717.18	
5717.2	
5717.21	
5717.22	
5717.22	
5717.24	
5717.25	
5717.25	
5717.27	
5717.28	
5717.29	
5717.29	
5717.31	
5717.32	
5717.32	
5717.33	
5717.35	
5717.36	
5717.36	
5717.38	
5717.39	
5717.39	
5717.41	
5717.42	
5717.42	
5717.44	
5717.45	
5717.46	
5717.46	
5717.48	
5717.49	
5717.5	
5717.5	
5717.52	
5717.53	
5717.53	
5717.55	
5717.56	
5717.57	
5717.57	
5717.59	
5717.6	
5717.6	
5717.62	
5717.63	
5717.64	
5717.64	
5717.66	
5717.67	
5717.67	
5717.69	
5717.7	
5717.71	
5717.71	
5717.73	
5717.74	
5717.74	
5717.76	
5717.77	
5717.78	
5717.78	
5717.8	
5717.81	
5717.83	
5717.83	
5717.84	
5717.85	
5717.85	
5717.87	
5717.88	
5717.88	
5717.9	
5717.91	
5717.92	
5717.92	
5717.94	
5717.95	
5717.95	
5717.97	
5717.98	
5717.99	
5717.99	
5718.01	
5718.02	
5718.02	
5718.04	
5718.05	
5718.06	
5718.06	
5718.08	
5718.09	
5718.09	
5718.1	
5718.12	
5718.13	
5718.13	
5718.15	
5718.16	
5718.16	
5718.18	
5718.19	
5718.2	
5718.2	
5718.22	
5718.23	
5718.23	
5718.25	
5718.26	
5718.27	
5718.27	
5718.29	
5718.3	
5718.3	
5718.32	
5718.33	
5718.34	
5718.34	
5718.36	
5718.36	
5718.38	
5718.39	
5718.4	
5718.41	
5718.41	
5718.43	
5718.44	
5718.44	
5718.46	
5718.47	
5718.48	
5718.48	
5718.5	
5718.51	
5718.51	
5718.53	
5718.54	
5718.55	
5718.55	
5718.57	
5718.58	
5718.58	
5718.6	
5718.61	
5718.62	
5718.62	
5718.64	
5718.65	
5718.65	
5718.67	
5718.68	
5718.69	
5718.69	
5718.71	
5718.72	
5718.72	
5718.74	
5718.75	
5718.76	
5718.76	
5718.78	
5718.79	
5718.79	
5718.81	
5718.82	
5718.83	
5718.83	
5718.85	
5718.86	
5718.86	
5718.88	
5718.89	
5718.9	
5718.9	
5718.92	
5718.93	
5718.93	
5718.95	
5718.96	
5718.96	
5718.98	
5718.99	
5719	
5719	
5719.02	
5719.03	
5719.04	
5719.04	
5719.06	
5719.07	
5719.07	
5719.08	
5719.1	
5719.1	
5719.12	
5719.13	
5719.14	
5719.14	
5719.16	
5719.17	
5719.18	
5719.18	
5719.2	
5719.21	
5719.21	
5719.23	
5719.24	
5719.26	
5719.26	
5719.27	
5719.28	
5719.28	
5719.3	
5719.31	
5719.32	
5719.32	
5719.34	
5719.35	
5719.35	
5719.37	
5719.38	
5719.39	
5719.39	
5719.41	
5719.41	
5719.42	
5719.44	
5719.45	
5719.46	
5719.46	
5719.48	
5719.49	
5719.49	
5719.51	
5719.52	
5719.53	
5719.53	
5719.55	
5719.56	
5719.56	
5719.58	
5719.59	
5719.59	
5719.6	
5719.62	
5719.63	
5719.63	
5719.65	
5719.66	
5719.67	
5719.67	
5719.69	
5719.7	
5719.7	
5719.72	
5719.73	
5719.74	
5719.74	
5719.76	
5719.77	
5719.77	
5719.79	
5719.8	
5719.81	
5719.83	
5719.83	
5719.84	
5719.84	
5719.85	
5719.87	
5719.88	
5719.88	
5719.9	
5719.91	
5719.91	
5719.93	
5719.94	
5719.95	
5719.95	
5719.97	
5719.98	
5719.98	
5720	
5720.01	
5720.02	
5720.02	
5720.04	
5720.05	
5720.05	
5720.07	
5720.08	
5720.09	
5720.09	
5720.11	
5720.12	
5720.12	
5720.14	
5720.15	
5720.16	
5720.16	
5720.18	
5720.19	
5720.19	
5720.21	
5720.22	
5720.23	
5720.23	
5720.25	
5720.26	
5720.26	
5720.28	
5720.29	
5720.3	
5720.3	
5720.32	
5720.33	
5720.33	
5720.35	
5720.36	
5720.37	
5720.37	
5720.39	
5720.4	
5720.4	
5720.42	
5720.43	
5720.44	
5720.44	
5720.46	
5720.47	
5720.47	
5720.49	
5720.5	
5720.51	
5720.51	
5720.53	
5720.54	
5720.54	
5720.56	
5720.57	
5720.58	
5720.58	
5720.6	
5720.61	
5720.61	
5720.62	
5720.64	
5720.65	
5720.65	
5720.67	
5720.68	
5720.68	
5720.7	
5720.71	
5720.72	
5720.72	
5720.74	
5720.75	
5720.75	
5720.77	
5720.78	
5720.79	
5720.79	
5720.81	
5720.82	
5720.82	
5720.83	
5720.85	
5720.86	
5720.86	
5720.88	
5720.89	
5720.89	
5720.91	
5720.92	
5720.93	
5720.93	
5720.95	
5720.96	
5720.96	
5720.98	
5720.99	
5721	
5721	
5721.02	
5721.03	
5721.03	
5721.05	
5721.06	
5721.07	
5721.07	
5721.09	
5721.1	
5721.1	
5721.12	
5721.13	
5721.14	
5721.14	
5721.16	
5721.17	
5721.17	
5721.19	
5721.2	
5721.21	
5721.21	
5721.23	
5721.24	
5721.24	
5721.26	
5721.27	
5721.28	
5721.28	
5721.3	
5721.31	
5721.31	
5721.33	
5721.34	
5721.35	
5721.35	
5721.37	
5721.38	
5721.38	
5721.4	
5721.41	
5721.42	
5721.42	
5721.44	
5721.45	
5721.45	
5721.47	
5721.48	
5721.49	
5721.49	
5721.51	
5721.52	
5721.52	
5721.54	
5721.55	
5721.56	
5721.56	
5721.58	
5721.59	
5721.59	
5721.6	
5721.62	
5721.63	
5721.63	
5721.65	
5721.66	
5721.66	
5721.68	
5721.69	
5721.7	
5721.7	
5721.72	
5721.73	
5721.73	
5721.75	
5721.76	
5721.77	
5721.77	
5721.79	
5721.8	
5721.8	
5721.82	
5721.83	
5721.84	
5721.84	
5721.86	
5721.87	
5721.87	
5721.89	
5721.9	
5721.91	
5721.91	
5721.93	
5721.94	
5721.94	
5721.96	
5721.97	
5721.98	
5721.98	
5722	
5722.01	
5722.01	
5722.03	
5722.04	
5722.05	
5722.05	
5722.07	
5722.08	
5722.08	
5722.1	
5722.11	
5722.12	
5722.12	
5722.14	
5722.15	
5722.15	
5722.17	
5722.18	
5722.19	
5722.19	
5722.21	
5722.22	
5722.22	
5722.24	
5722.25	
5722.26	
5722.26	
5722.28	
5722.29	
5722.29	
5722.31	
5722.32	
5722.33	
5722.33	
5722.35	
5722.36	
5722.36	
5722.38	
5722.39	
5722.4	
5722.4	
5722.42	
5722.43	
5722.43	
5722.45	
5722.46	
5722.47	
5722.47	
5722.49	
5722.5	
5722.5	
5722.52	
5722.53	
5722.54	
5722.54	
5722.56	
5722.57	
5722.57	
5722.58	
5722.6	
5722.61	
5722.61	
5722.63	
5722.64	
5722.64	
5722.66	
5722.67	
5722.68	
5722.68	
5722.7	
5722.71	
5722.71	
5722.73	
5722.74	
5722.75	
5722.75	
5722.77	
5722.78	
5722.78	
5722.8	
5722.81	
5722.82	
5722.82	
5722.84	
5722.85	
5722.85	
5722.87	
5722.88	
5722.89	
5722.89	
5722.91	
5722.92	
5722.92	
5722.94	
5722.95	
5722.96	
5722.96	
5722.98	
5722.99	
5722.99	
5723.01	
5723.02	
5723.03	
5723.03	
5723.05	
5723.06	
5723.06	
5723.08	
5723.09	
5723.1	
5723.1	
5723.12	
5723.13	
5723.13	
5723.15	
5723.16	
5723.17	
5723.17	
5723.19	
5723.2	
5723.2	
5723.22	
5723.23	
5723.24	
5723.24	
5723.26	
5723.27	
5723.27	
5723.29	
5723.3	
5723.3	
5723.31	
5723.33	
5723.34	
5723.34	
5723.35	
5723.37	
5723.38	
5723.38	
5723.4	
5723.41	
5723.41	
5723.43	
5723.44	
5723.45	
5723.45	
5723.47	
5723.48	
5723.48	
5723.5	
5723.51	
5723.52	
5723.52	
5723.54	
5723.55	
5723.55	
5723.57	
5723.58	
5723.59	
5723.59	
