time	
1686.6	
1686.61	
1686.61	
1686.62	
1686.64	
1686.65	
1686.65	
1686.67	
1686.68	
1686.68	
1686.69	
1686.71	
1686.72	
1686.72	
1686.74	
1686.75	
1686.75	
1686.76	
1686.78	
1686.79	
1686.79	
1686.81	
1686.82	
1686.82	
1686.85	
1686.85	
1686.86	
1686.86	
1686.88	
1686.89	
1686.89	
1686.9	
1686.92	
1686.93	
1686.93	
1686.95	
1686.96	
1686.96	
1686.97	
1686.99	
1687	
1687	
1687.02	
1687.03	
1687.03	
1687.04	
1687.06	
1687.07	
1687.07	
1687.09	
1687.1	
1687.1	
1687.11	
1687.13	
1687.14	
1687.14	
1687.16	
1687.17	
1687.17	
1687.18	
1687.2	
1687.21	
1687.21	
1687.23	
1687.24	
1687.24	
1687.25	
1687.27	
1687.28	
1687.28	
1687.3	
1687.31	
1687.31	
1687.32	
1687.34	
1687.35	
1687.35	
1687.37	
1687.38	
1687.38	
1687.39	
1687.41	
1687.42	
1687.42	
1687.44	
1687.45	
1687.45	
1687.46	
1687.48	
1687.49	
1687.49	
1687.51	
1687.52	
1687.52	
1687.53	
1687.55	
1687.56	
1687.56	
1687.58	
1687.59	
1687.59	
1687.6	
1687.62	
1687.63	
1687.63	
1687.65	
1687.66	
1687.66	
1687.67	
1687.69	
1687.7	
1687.7	
1687.73	
1687.73	
1687.74	
1687.74	
1687.76	
1687.77	
1687.77	
1687.79	
1687.8	
1687.8	
1687.81	
1687.83	
1687.84	
1687.84	
1687.86	
1687.87	
1687.87	
1687.88	
1687.9	
1687.91	
1687.91	
1687.93	
1687.94	
1687.94	
1687.95	
1687.97	
1687.98	
1687.98	
1688	
1688.01	
1688.01	
1688.02	
1688.04	
1688.05	
1688.05	
1688.07	
1688.08	
1688.08	
1688.09	
1688.11	
1688.12	
1688.12	
1688.14	
1688.15	
1688.15	
1688.16	
1688.18	
1688.19	
1688.19	
1688.21	
1688.22	
1688.22	
1688.23	
1688.25	
1688.26	
1688.26	
1688.28	
1688.29	
1688.29	
1688.3	
1688.32	
1688.33	
1688.33	
1688.35	
1688.36	
1688.36	
1688.37	
1688.39	
1688.4	
1688.4	
1688.42	
1688.43	
1688.43	
1688.44	
1688.46	
1688.47	
1688.47	
1688.49	
1688.5	
1688.5	
1688.51	
1688.53	
1688.54	
1688.54	
1688.56	
1688.57	
1688.57	
1688.58	
1688.6	
1688.61	
1688.61	
1688.63	
1688.64	
1688.64	
1688.65	
1688.67	
1688.68	
1688.68	
1688.7	
1688.71	
1688.71	
1688.72	
1688.74	
1688.75	
1688.75	
1688.77	
1688.78	
1688.79	
1688.79	
1688.81	
1688.81	
1688.83	
1688.84	
1688.85	
1688.85	
1688.86	
1688.88	
1688.89	
1688.89	
1688.91	
1688.92	
1688.92	
1688.93	
1688.93	
1688.96	
1688.96	
1688.98	
1688.99	
1688.99	
1689	
1689.02	
1689.03	
1689.03	
1689.05	
1689.05	
1689.06	
1689.07	
1689.09	
1689.1	
1689.1	
1689.12	
1689.13	
1689.13	
1689.14	
1689.16	
1689.17	
1689.17	
1689.19	
1689.2	
1689.2	
1689.21	
1689.23	
1689.24	
1689.24	
1689.26	
1689.27	
1689.27	
1689.28	
1689.3	
1689.3	
1689.31	
1689.33	
1689.34	
1689.34	
1689.36	
1689.37	
1689.38	
1689.38	
1689.4	
1689.41	
1689.41	
1689.42	
1689.44	
1689.44	
1689.45	
1689.47	
1689.48	
1689.48	
1689.49	
1689.51	
1689.52	
1689.52	
1689.54	
1689.55	
1689.55	
1689.56	
1689.58	
1689.59	
1689.59	
1689.61	
1689.62	
1689.62	
1689.63	
1689.65	
1689.66	
1689.66	
1689.68	
1689.69	
1689.69	
1689.7	
1689.72	
1689.73	
1689.73	
1689.75	
1689.76	
1689.76	
1689.77	
1689.79	
1689.8	
1689.8	
1689.82	
1689.83	
1689.83	
1689.85	
1689.86	
1689.87	
1689.87	
1689.89	
1689.9	
1689.9	
1689.91	
1689.93	
1689.94	
1689.94	
1689.96	
1689.97	
1689.97	
1689.98	
1690	
1690.01	
1690.01	
1690.03	
1690.04	
1690.04	
1690.05	
1690.07	
1690.08	
1690.08	
1690.1	
1690.11	
1690.11	
1690.12	
1690.14	
1690.15	
1690.15	
1690.17	
1690.18	
1690.18	
1690.19	
1690.21	
1690.22	
1690.22	
1690.24	
1690.25	
1690.25	
1690.26	
1690.28	
1690.29	
1690.29	
1690.31	
1690.32	
1690.32	
1690.33	
1690.35	
1690.36	
1690.36	
1690.38	
1690.39	
1690.39	
1690.4	
1690.42	
1690.43	
1690.43	
1690.45	
1690.46	
1690.46	
1690.47	
1690.49	
1690.5	
1690.5	
1690.52	
1690.53	
1690.53	
1690.54	
1690.56	
1690.57	
1690.57	
1690.59	
1690.6	
1690.6	
1690.61	
1690.63	
1690.64	
1690.64	
1690.66	
1690.67	
1690.67	
1690.68	
1690.7	
1690.71	
1690.71	
1690.73	
1690.74	
1690.74	
1690.75	
1690.77	
1690.78	
1690.78	
1690.8	
1690.81	
1690.81	
1690.82	
1690.84	
1690.85	
1690.85	
1690.87	
1690.88	
1690.88	
1690.89	
1690.91	
1690.92	
1690.92	
1690.94	
1690.95	
1690.95	
1690.96	
1690.98	
1690.99	
1690.99	
1691.01	
1691.02	
1691.02	
1691.03	
1691.05	
1691.06	
1691.06	
1691.08	
1691.09	
1691.09	
1691.1	
1691.12	
1691.13	
1691.13	
1691.15	
1691.16	
1691.16	
1691.17	
1691.19	
1691.2	
1691.2	
1691.22	
1691.23	
1691.23	
1691.24	
1691.26	
1691.27	
1691.27	
1691.29	
1691.3	
1691.3	
1691.31	
1691.33	
1691.34	
1691.34	
1691.36	
1691.37	
1691.37	
1691.38	
1691.4	
1691.41	
1691.41	
1691.43	
1691.44	
1691.44	
1691.45	
1691.47	
1691.48	
1691.48	
1691.5	
1691.51	
1691.51	
1691.52	
1691.54	
1691.55	
1691.55	
1691.57	
1691.58	
1691.58	
1691.59	
1691.61	
1691.62	
1691.62	
1691.64	
1691.65	
1691.65	
1691.66	
1691.68	
1691.69	
1691.69	
1691.71	
1691.72	
1691.72	
1691.73	
1691.75	
1691.76	
1691.76	
1691.78	
1691.79	
1691.79	
1691.8	
1691.82	
1691.83	
1691.83	
1691.85	
1691.86	
1691.86	
1691.87	
1691.89	
1691.9	
1691.9	
1691.92	
1691.93	
1691.93	
1691.94	
1691.96	
1691.97	
1691.97	
1691.99	
1692	
1692	
1692.02	
1692.03	
1692.04	
1692.04	
1692.06	
1692.07	
1692.07	
1692.08	
1692.08	
1692.11	
1692.11	
1692.13	
1692.14	
1692.14	
1692.15	
1692.17	
1692.18	
1692.18	
1692.2	
1692.21	
1692.21	
1692.22	
1692.24	
1692.25	
1692.25	
1692.27	
1692.28	
1692.28	
1692.29	
1692.31	
1692.32	
1692.32	
1692.34	
1692.35	
1692.35	
1692.36	
1692.38	
1692.39	
1692.39	
1692.41	
1692.42	
1692.42	
1692.43	
1692.45	
1692.46	
1692.46	
1692.48	
1692.49	
1692.49	
1692.5	
1692.52	
1692.53	
1692.53	
1692.55	
1692.56	
1692.56	
1692.57	
1692.59	
1692.6	
1692.6	
1692.62	
1692.63	
1692.63	
1692.64	
1692.66	
1692.67	
1692.67	
1692.69	
1692.7	
1692.7	
1692.71	
1692.73	
1692.74	
1692.74	
1692.76	
1692.77	
1692.77	
1692.78	
1692.8	
1692.81	
1692.81	
1692.83	
1692.84	
1692.84	
1692.85	
1692.87	
1692.88	
1692.88	
1692.9	
1692.91	
1692.91	
1692.92	
1692.94	
1692.95	
1692.95	
1692.97	
1692.98	
1692.98	
1692.99	
1693.01	
1693.02	
1693.02	
1693.04	
1693.05	
1693.05	
1693.06	
1693.08	
1693.09	
1693.09	
1693.11	
1693.12	
1693.12	
1693.13	
1693.15	
1693.16	
1693.16	
1693.18	
1693.19	
1693.19	
1693.2	
1693.22	
1693.23	
1693.23	
1693.25	
1693.26	
1693.26	
1693.27	
1693.29	
1693.3	
1693.3	
1693.32	
1693.33	
1693.33	
1693.34	
1693.36	
1693.37	
1693.37	
1693.39	
1693.4	
1693.4	
1693.41	
1693.43	
1693.44	
1693.44	
1693.46	
1693.47	
1693.47	
1693.48	
1693.5	
1693.51	
1693.51	
1693.53	
1693.54	
1693.54	
1693.55	
1693.57	
1693.58	
1693.58	
1693.6	
1693.61	
1693.61	
1693.62	
1693.64	
1693.65	
1693.65	
1693.67	
1693.68	
1693.68	
1693.69	
1693.71	
1693.72	
1693.72	
1693.74	
1693.75	
1693.75	
1693.76	
1693.76	
1693.79	
1693.79	
1693.81	
1693.82	
1693.82	
1693.82	
1693.84	
1693.86	
1693.86	
1693.88	
1693.89	
1693.89	
1693.9	
1693.92	
1693.93	
1693.93	
1693.95	
1693.96	
1693.96	
1693.97	
1693.99	
1694	
1694	
1694.02	
1694.03	
1694.03	
1694.04	
1694.06	
1694.07	
1694.07	
1694.09	
1694.1	
1694.1	
1694.11	
1694.13	
1694.14	
1694.14	
1694.16	
1694.17	
1694.17	
1694.18	
1694.2	
1694.21	
1694.21	
1694.23	
1694.24	
1694.24	
1694.25	
1694.27	
1694.28	
1694.28	
1694.3	
1694.31	
1694.31	
1694.32	
1694.34	
1694.35	
1694.35	
1694.37	
1694.38	
1694.38	
1694.39	
1694.41	
1694.42	
1694.42	
1694.44	
1694.45	
1694.45	
1694.46	
1694.48	
