time	
709.38	
709.394	
709.394	
709.408	
709.422	
709.436	
709.436	
709.45	
709.464	
709.464	
709.478	
709.492	
709.506	
709.506	
709.52	
709.534	
709.534	
709.548	
709.562	
709.576	
709.576	
709.59	
709.604	
709.604	
709.618	
709.632	
709.646	
709.646	
709.66	
709.674	
709.674	
709.688	
709.702	
709.716	
709.716	
709.73	
709.744	
709.744	
709.758	
709.772	
709.786	
709.786	
709.8	
709.814	
709.814	
709.828	
709.842	
709.856	
709.856	
709.87	
709.884	
709.884	
709.898	
709.912	
709.926	
709.926	
709.94	
709.954	
709.954	
709.968	
709.982	
709.996	
709.996	
710.01	
710.024	
710.024	
710.039	
710.052	
710.066	
710.066	
710.08	
710.094	
710.094	
710.108	
710.122	
710.136	
710.136	
710.15	
710.164	
710.164	
710.178	
710.192	
710.206	
710.206	
710.22	
710.234	
710.234	
710.248	
710.262	
710.276	
710.276	
710.29	
710.304	
710.304	
710.318	
710.332	
710.346	
710.346	
710.36	
710.374	
710.374	
710.388	
710.402	
710.416	
710.416	
710.43	
710.444	
710.444	
710.458	
710.472	
710.486	
710.486	
710.5	
710.515	
710.515	
710.528	
710.542	
710.556	
710.556	
710.571	
710.584	
710.584	
710.598	
710.612	
710.626	
710.626	
710.64	
710.655	
710.655	
710.668	
710.682	
710.696	
710.696	
710.71	
710.724	
710.724	
710.738	
710.752	
710.766	
710.766	
710.78	
710.794	
710.794	
710.808	
710.823	
710.836	
710.836	
710.85	
710.864	
710.864	
710.878	
710.892	
710.906	
710.906	
710.92	
710.934	
710.934	
710.948	
710.962	
710.976	
710.976	
710.99	
711.004	
711.004	
711.018	
711.033	
711.046	
711.046	
711.061	
711.074	
711.074	
711.088	
711.102	
711.116	
711.116	
711.131	
711.144	
711.144	
711.159	
711.172	
711.186	
711.186	
711.2	
711.214	
711.214	
711.229	
711.242	
711.242	
711.261	
711.27	
711.284	
711.284	
711.302	
711.302	
711.317	
711.329	
711.34	
711.354	
711.354	
711.368	
711.382	
711.396	
711.396	
711.41	
711.424	
711.424	
711.445	
711.452	
711.466	
711.466	
711.48	
711.494	
711.494	
711.508	
711.522	
711.536	
711.536	
711.55	
711.564	
711.564	
711.578	
711.592	
711.606	
711.606	
711.62	
711.634	
711.634	
711.648	
711.662	
711.676	
711.676	
711.69	
711.704	
711.704	
711.718	
711.732	
711.746	
711.746	
711.765	
711.774	
711.774	
711.788	
711.802	
711.816	
711.816	
711.816	
711.844	
711.844	
711.861	
711.872	
711.886	
711.886	
711.906	
711.914	
711.914	
711.928	
711.942	
711.956	
711.956	
711.97	
711.984	
711.984	
711.998	
712.012	
712.026	
712.026	
712.04	
712.054	
712.054	
712.068	
712.082	
712.096	
712.096	
712.11	
712.124	
712.124	
712.138	
712.152	
712.166	
712.166	
712.18	
712.194	
712.194	
712.208	
712.222	
712.236	
712.236	
712.25	
712.264	
712.264	
712.278	
712.292	
712.306	
712.306	
712.32	
712.334	
712.334	
712.348	
712.362	
712.376	
712.376	
712.391	
712.404	
712.404	
712.418	
712.432	
712.447	
712.447	
712.46	
712.474	
712.474	
712.488	
712.502	
712.516	
712.516	
712.53	
712.544	
712.544	
712.558	
712.572	
712.586	
712.586	
712.6	
712.614	
712.614	
712.628	
712.642	
712.656	
712.656	
712.656	
712.684	
712.684	
712.698	
712.713	
712.728	
712.728	
712.74	
712.74	
712.757	
712.768	
712.782	
712.796	
712.796	
712.81	
712.824	
712.824	
712.838	
712.852	
712.866	
712.866	
712.886	
712.894	
712.894	
712.908	
712.922	
712.936	
712.936	
712.951	
712.964	
712.964	
712.978	
712.997	
713.006	
713.006	
713.023	
713.034	
713.034	
713.048	
713.062	
713.077	
713.077	
713.09	
713.104	
713.104	
713.118	
713.132	
713.146	
713.146	
713.16	
713.174	
713.174	
713.188	
713.202	
713.202	
713.217	
713.23	
713.244	
713.244	
713.258	
713.272	
713.286	
713.286	
713.3	
713.314	
713.314	
713.328	
713.342	
713.356	
713.356	
713.37	
713.384	
713.384	
713.398	
713.412	
713.426	
713.426	
713.44	
713.454	
713.454	
713.468	
713.482	
713.496	
713.496	
713.51	
713.524	
713.524	
713.538	
713.552	
713.566	
713.566	
713.58	
713.594	
713.594	
713.608	
713.623	
713.636	
713.636	
713.65	
713.664	
713.664	
713.678	
713.692	
713.706	
713.706	
713.72	
713.734	
713.734	
713.748	
713.762	
713.776	
713.776	
713.79	
713.804	
713.804	
713.818	
713.832	
713.846	
713.846	
713.86	
713.874	
713.874	
713.888	
713.904	
713.917	
713.917	
713.93	
713.944	
713.944	
713.958	
713.972	
713.986	
713.986	
714	
714.016	
714.016	
714.028	
714.042	
714.056	
714.056	
714.07	
714.084	
714.084	
714.098	
714.112	
714.126	
714.126	
714.14	
714.154	
714.154	
714.168	
714.182	
714.196	
714.196	
714.21	
714.224	
714.224	
714.239	
714.252	
714.266	
714.266	
714.28	
714.294	
714.294	
714.309	
714.322	
714.336	
714.336	
714.35	
714.364	
714.364	
714.378	
714.392	
714.406	
714.406	
714.42	
714.434	
714.434	
714.448	
714.462	
714.476	
714.476	
714.49	
714.504	
714.504	
714.518	
714.532	
714.546	
714.546	
714.56	
714.574	
714.574	
714.588	
714.602	
714.616	
714.616	
714.63	
714.644	
714.644	
714.658	
714.672	
714.686	
714.686	
714.7	
714.714	
714.714	
714.728	
714.742	
714.756	
714.756	
714.77	
714.784	
714.784	
714.798	
714.812	
714.826	
714.826	
714.84	
714.854	
714.854	
714.868	
714.883	
714.896	
714.896	
714.91	
714.924	
714.924	
714.938	
714.952	
714.966	
714.966	
714.98	
714.994	
714.994	
715.008	
715.023	
715.036	
715.036	
715.05	
715.064	
715.064	
715.078	
715.092	
715.106	
715.106	
715.12	
715.134	
715.134	
715.148	
715.162	
715.176	
715.176	
715.19	
715.205	
715.205	
715.218	
715.232	
715.246	
715.246	
715.26	
715.274	
715.274	
715.288	
715.302	
715.316	
715.316	
715.33	
715.344	
715.344	
715.358	
715.372	
715.386	
715.386	
715.4	
715.414	
715.414	
715.428	
715.442	
715.456	
715.456	
715.47	
715.485	
715.485	
715.498	
715.512	
715.526	
715.526	
715.54	
715.554	
715.554	
715.568	
715.582	
715.596	
715.596	
715.61	
715.625	
715.625	
715.638	
715.652	
715.666	
715.666	
715.68	
715.694	
715.694	
715.708	
715.722	
715.736	
715.736	
715.75	
715.764	
715.764	
715.778	
715.792	
715.806	
715.806	
715.82	
715.834	
715.834	
715.848	
715.862	
715.876	
715.876	
715.89	
715.904	
715.904	
715.918	
715.932	
715.946	
715.946	
715.961	
715.974	
715.974	
715.988	
716.003	
716.016	
716.016	
716.03	
716.044	
716.044	
716.058	
716.072	
716.086	
716.086	
716.1	
716.114	
716.114	
716.128	
716.142	
716.156	
716.156	
716.17	
716.184	
716.184	
716.198	
716.212	
716.226	
716.226	
716.24	
716.255	
716.255	
716.268	
716.282	
716.296	
716.296	
716.31	
716.324	
716.324	
716.338	
716.352	
716.352	
716.367	
716.38	
716.394	
716.394	
716.408	
716.422	
716.436	
716.436	
716.45	
716.464	
716.464	
716.478	
716.492	
716.506	
716.506	
716.52	
716.534	
716.534	
716.548	
716.564	
716.576	
716.576	
716.59	
716.604	
716.604	
716.618	
716.632	
716.646	
716.646	
716.66	
716.674	
716.674	
716.688	
716.702	
716.716	
716.716	
716.73	
716.744	
716.744	
716.758	
716.772	
716.786	
716.786	
716.8	
716.814	
716.814	
716.828	
716.842	
716.856	
716.856	
716.87	
716.884	
716.884	
716.898	
716.912	
716.926	
716.926	
716.94	
716.954	
716.954	
716.969	
716.982	
716.996	
716.996	
717.01	
717.024	
717.038	
717.038	
717.052	
717.066	
717.066	
717.08	
717.094	
717.094	
717.108	
717.122	
717.136	
717.136	
717.15	
717.164	
717.164	
717.178	
717.192	
717.206	
717.206	
717.22	
717.235	
717.235	
717.248	
717.262	
717.276	
717.276	
717.29	
717.304	
717.304	
717.318	
717.332	
717.346	
717.346	
717.36	
717.374	
717.374	
717.388	
717.403	
717.416	
717.416	
717.43	
717.444	
717.444	
717.458	
717.472	
717.486	
717.486	
717.5	
717.514	
717.514	
717.528	
717.542	
717.556	
717.556	
717.57	
717.584	
717.584	
717.598	
