time	
3144.85	
3144.85	
3144.86	
3144.88	
3144.88	
3144.89	
3144.91	
3144.92	
3144.92	
3144.93	
3144.95	
3144.95	
3144.96	
3144.98	
3144.99	
3144.99	
3145	
3145.02	
3145.02	
3145.03	
3145.05	
3145.06	
3145.06	
3145.07	
3145.09	
3145.09	
3145.1	
3145.12	
3145.13	
3145.13	
3145.14	
3145.16	
3145.16	
3145.17	
3145.19	
3145.2	
3145.2	
3145.21	
3145.23	
3145.23	
3145.24	
3145.26	
3145.27	
3145.27	
3145.28	
3145.3	
3145.3	
3145.31	
3145.33	
3145.34	
3145.34	
3145.35	
3145.37	
3145.37	
3145.38	
3145.4	
3145.41	
3145.41	
3145.42	
3145.44	
3145.44	
3145.45	
3145.47	
3145.48	
3145.48	
3145.49	
3145.51	
3145.51	
3145.52	
3145.54	
3145.55	
3145.55	
3145.56	
3145.58	
3145.58	
3145.59	
3145.61	
3145.62	
3145.62	
3145.63	
3145.65	
3145.65	
3145.66	
3145.68	
3145.69	
3145.69	
3145.7	
3145.72	
3145.72	
3145.73	
3145.75	
3145.76	
3145.76	
3145.77	
3145.79	
3145.79	
3145.8	
3145.82	
3145.83	
3145.83	
3145.84	
3145.86	
3145.86	
3145.87	
3145.89	
3145.9	
3145.9	
3145.91	
3145.93	
3145.93	
3145.94	
3145.96	
3145.97	
3145.97	
3145.97	
3146	
3146	
3146.01	
3146.03	
3146.04	
3146.04	
3146.05	
3146.07	
3146.07	
3146.08	
3146.1	
3146.11	
3146.11	
3146.12	
3146.14	
3146.14	
3146.15	
3146.17	
3146.17	
3146.19	
3146.19	
3146.21	
3146.21	
3146.22	
3146.24	
3146.25	
3146.25	
3146.26	
3146.28	
3146.28	
3146.29	
3146.31	
3146.32	
3146.32	
3146.33	
3146.35	
3146.35	
3146.36	
3146.38	
3146.39	
3146.39	
3146.4	
3146.42	
3146.42	
3146.43	
3146.45	
3146.46	
3146.46	
3146.47	
3146.49	
3146.49	
3146.5	
3146.52	
3146.53	
3146.53	
3146.54	
3146.56	
3146.56	
3146.57	
3146.59	
3146.6	
3146.6	
3146.61	
3146.63	
3146.63	
3146.64	
3146.66	
3146.67	
3146.67	
3146.68	
3146.7	
3146.7	
3146.71	
3146.73	
3146.74	
3146.74	
3146.75	
3146.77	
3146.77	
3146.78	
3146.8	
3146.81	
3146.81	
3146.82	
3146.84	
3146.84	
3146.85	
3146.87	
3146.88	
3146.88	
3146.89	
3146.91	
3146.91	
3146.92	
3146.94	
3146.95	
3146.95	
3146.96	
3146.98	
3146.98	
3146.99	
3147.01	
3147.02	
3147.02	
3147.03	
3147.05	
3147.05	
3147.06	
3147.08	
3147.09	
3147.09	
3147.1	
3147.12	
3147.12	
3147.13	
3147.15	
3147.16	
3147.16	
3147.17	
3147.19	
3147.19	
3147.2	
3147.22	
3147.23	
3147.23	
3147.24	
3147.26	
3147.26	
3147.27	
3147.29	
3147.3	
3147.3	
3147.31	
3147.31	
3147.33	
3147.34	
3147.36	
3147.36	
3147.37	
3147.38	
3147.4	
3147.4	
3147.41	
3147.43	
3147.44	
3147.44	
3147.45	
3147.47	
3147.47	
3147.48	
3147.5	
3147.51	
3147.51	
3147.52	
3147.54	
3147.54	
3147.55	
3147.57	
3147.58	
3147.58	
3147.59	
3147.61	
3147.61	
3147.62	
3147.64	
3147.65	
3147.65	
3147.66	
3147.68	
3147.68	
3147.69	
3147.71	
3147.72	
3147.72	
3147.73	
3147.75	
3147.75	
3147.76	
3147.78	
3147.79	
3147.79	
3147.8	
3147.82	
3147.82	
3147.83	
3147.85	
3147.86	
3147.86	
3147.87	
3147.89	
3147.89	
3147.9	
3147.92	
3147.93	
3147.93	
3147.95	
3147.96	
3147.96	
3147.97	
3147.99	
3148	
3148	
3148.01	
3148.03	
3148.03	
3148.04	
3148.06	
3148.07	
3148.07	
3148.08	
3148.1	
3148.1	
3148.11	
3148.13	
3148.14	
3148.14	
3148.15	
3148.17	
3148.17	
3148.18	
3148.2	
3148.21	
3148.21	
3148.22	
3148.24	
3148.24	
3148.25	
3148.27	
3148.28	
3148.28	
3148.29	
3148.31	
3148.31	
3148.32	
3148.34	
3148.35	
3148.35	
3148.36	
3148.38	
3148.38	
3148.39	
3148.41	
3148.42	
3148.42	
3148.43	
3148.45	
3148.45	
3148.46	
3148.48	
3148.49	
3148.49	
3148.5	
3148.52	
3148.52	
3148.53	
3148.55	
3148.56	
3148.56	
3148.57	
3148.59	
3148.59	
3148.6	
3148.62	
3148.63	
3148.63	
3148.64	
3148.66	
3148.66	
3148.67	
3148.69	
3148.7	
3148.7	
3148.71	
3148.73	
3148.73	
3148.74	
3148.76	
3148.77	
3148.77	
3148.78	
3148.8	
3148.8	
3148.81	
3148.83	
3148.84	
3148.84	
3148.85	
3148.87	
3148.87	
3148.88	
3148.9	
3148.91	
3148.91	
3148.92	
3148.94	
3148.94	
3148.95	
3148.97	
3148.98	
3148.98	
3148.99	
3149.01	
3149.01	
3149.02	
3149.04	
3149.05	
3149.05	
3149.06	
3149.08	
3149.08	
3149.09	
3149.11	
3149.12	
3149.12	
3149.13	
3149.15	
3149.15	
3149.16	
3149.18	
3149.19	
3149.19	
3149.2	
3149.22	
3149.22	
3149.23	
3149.25	
3149.26	
3149.26	
3149.27	
3149.29	
3149.29	
3149.3	
3149.32	
3149.33	
3149.33	
3149.34	
3149.36	
3149.36	
3149.37	
3149.39	
3149.4	
3149.4	
3149.41	
3149.43	
3149.43	
3149.44	
3149.46	
3149.47	
3149.47	
3149.48	
3149.5	
3149.5	
3149.51	
3149.53	
3149.54	
3149.54	
3149.55	
3149.57	
3149.57	
3149.58	
3149.6	
3149.61	
3149.61	
3149.62	
3149.64	
3149.64	
3149.65	
3149.67	
3149.68	
3149.68	
3149.69	
3149.71	
3149.71	
3149.72	
3149.74	
3149.75	
3149.75	
3149.76	
3149.78	
3149.78	
3149.79	
3149.81	
3149.82	
3149.82	
3149.83	
3149.85	
3149.85	
3149.86	
3149.88	
3149.89	
3149.89	
3149.9	
3149.92	
3149.92	
3149.93	
3149.95	
3149.96	
3149.96	
3149.97	
3149.99	
3149.99	
3150	
3150.02	
3150.03	
3150.03	
3150.04	
3150.06	
3150.06	
3150.07	
3150.09	
3150.1	
3150.1	
3150.11	
3150.13	
3150.13	
3150.14	
3150.16	
3150.17	
3150.17	
3150.18	
3150.2	
3150.2	
3150.21	
3150.23	
3150.24	
3150.24	
3150.25	
3150.27	
3150.27	
3150.28	
3150.3	
3150.31	
3150.31	
3150.32	
3150.34	
3150.34	
3150.35	
3150.37	
3150.38	
3150.38	
3150.39	
3150.41	
3150.41	
3150.42	
3150.44	
3150.45	
3150.45	
3150.46	
3150.48	
3150.48	
3150.49	
3150.51	
3150.52	
3150.52	
3150.53	
3150.55	
3150.55	
3150.56	
3150.58	
3150.59	
3150.59	
3150.6	
3150.62	
3150.62	
3150.63	
3150.65	
3150.66	
3150.66	
3150.67	
3150.69	
3150.69	
3150.7	
3150.72	
3150.73	
3150.73	
3150.74	
3150.76	
3150.76	
3150.77	
3150.79	
3150.8	
3150.8	
3150.81	
3150.83	
3150.83	
3150.84	
3150.86	
3150.87	
3150.87	
3150.88	
3150.9	
3150.9	
3150.91	
3150.93	
3150.94	
3150.95	
3150.95	
3150.97	
3150.97	
3150.98	
3151	
3151.01	
3151.01	
3151.02	
3151.04	
3151.05	
3151.05	
3151.07	
3151.08	
3151.08	
3151.09	
3151.11	
3151.11	
3151.12	
3151.14	
3151.15	
3151.15	
3151.16	
3151.18	
3151.18	
3151.19	
3151.21	
3151.22	
3151.22	
3151.23	
3151.26	
3151.26	
3151.26	
3151.28	
3151.29	
3151.29	
3151.3	
3151.32	
3151.33	
3151.33	
3151.35	
3151.36	
3151.36	
3151.37	
3151.39	
3151.39	
3151.4	
3151.42	
3151.43	
3151.43	
3151.44	
3151.46	
3151.46	
3151.47	
3151.49	
3151.5	
3151.51	
3151.51	
3151.53	
3151.53	
3151.54	
3151.56	
3151.57	
3151.57	
3151.58	
3151.6	
3151.6	
3151.61	
3151.63	
3151.64	
3151.64	
3151.65	
3151.67	
3151.67	
3151.68	
3151.7	
3151.71	
3151.71	
3151.72	
3151.74	
3151.74	
3151.75	
3151.77	
3151.78	
3151.78	
3151.79	
3151.81	
3151.81	
3151.82	
3151.84	
3151.85	
3151.85	
3151.86	
3151.88	
3151.88	
3151.9	
3151.91	
3151.92	
3151.92	
3151.93	
3151.95	
3151.95	
3151.96	
3151.98	
3151.99	
3151.99	
3152	
3152.02	
3152.02	
3152.03	
3152.05	
3152.06	
