time	
1555.29	
1555.29	
1555.31	
1555.32	
1555.33	
1555.35	
1555.35	
1555.36	
1555.37	
1555.39	
1555.39	
1555.4	
1555.42	
1555.42	
1555.43	
1555.44	
1555.46	
1555.46	
1555.47	
1555.49	
1555.49	
1555.5	
1555.51	
1555.53	
1555.54	
1555.54	
1555.56	
1555.56	
1555.57	
1555.58	
1555.58	
1555.6	
1555.61	
1555.63	
1555.64	
1555.64	
1555.65	
1555.67	
1555.68	
1555.68	
1555.7	
1555.71	
1555.71	
1555.72	
1555.72	
1555.74	
1555.75	
1555.77	
1555.77	
1555.78	
1555.79	
1555.79	
1555.81	
1555.82	
1555.82	
1555.84	
1555.85	
1555.86	
1555.88	
1555.88	
1555.89	
1555.91	
1555.91	
1555.93	
1555.93	
1555.95	
1555.96	
1555.96	
1555.98	
1555.98	
1555.99	
1556	
1556.02	
1556.02	
1556.03	
1556.05	
1556.05	
1556.06	
1556.07	
1556.09	
1556.09	
1556.1	
1556.12	
1556.12	
1556.13	
1556.14	
1556.16	
1556.16	
1556.17	
1556.19	
1556.19	
1556.2	
1556.21	
1556.23	
1556.23	
1556.24	
1556.26	
1556.26	
1556.27	
1556.28	
1556.3	
1556.3	
1556.31	
1556.33	
1556.34	
1556.34	
1556.36	
1556.37	
1556.37	
1556.38	
1556.4	
1556.4	
1556.41	
1556.43	
1556.44	
1556.44	
1556.45	
1556.45	
1556.45	
1556.48	
1556.49	
1556.49	
1556.51	
1556.52	
1556.54	
1556.54	
1556.55	
1556.55	
1556.58	
1556.58	
1556.59	
1556.61	
1556.61	
1556.62	
1556.62	
1556.65	
1556.65	
1556.66	
1556.68	
1556.68	
1556.69	
1556.7	
1556.72	
1556.72	
1556.73	
1556.75	
1556.75	
1556.76	
1556.77	
1556.79	
1556.79	
1556.81	
1556.82	
1556.82	
1556.83	
1556.83	
1556.86	
1556.86	
1556.87	
1556.89	
1556.89	
1556.9	
1556.91	
1556.93	
1556.93	
1556.95	
1556.96	
1556.96	
1556.97	
1556.98	
1557	
1557	
1557.01	
1557.01	
1557.03	
1557.04	
1557.05	
1557.07	
1557.07	
1557.08	
1557.1	
1557.1	
1557.11	
1557.12	
1557.12	
1557.15	
1557.15	
1557.17	
1557.17	
1557.18	
1557.19	
1557.21	
1557.21	
1557.21	
1557.24	
1557.24	
1557.25	
1557.26	
1557.28	
1557.28	
1557.3	
1557.31	
1557.31	
1557.32	
1557.33	
1557.35	
1557.35	
1557.36	
1557.36	
1557.39	
1557.39	
1557.4	
1557.42	
1557.42	
1557.43	
1557.45	
1557.45	
1557.46	
1557.47	
1557.49	
1557.49	
1557.5	
1557.52	
1557.52	
1557.53	
1557.54	
1557.56	
1557.56	
1557.57	
1557.59	
1557.59	
1557.6	
1557.61	
1557.63	
1557.63	
1557.64	
1557.66	
1557.66	
1557.67	
1557.68	
1557.68	
1557.71	
1557.71	
1557.73	
1557.73	
1557.74	
1557.75	
1557.77	
1557.77	
1557.78	
1557.8	
1557.8	
1557.81	
1557.82	
1557.84	
1557.84	
1557.85	
1557.87	
1557.87	
1557.88	
1557.89	
1557.89	
1557.91	
1557.92	
1557.94	
1557.94	
1557.95	
1557.96	
1557.98	
1557.98	
1557.99	
1558.01	
1558.01	
1558.02	
1558.02	
1558.04	
1558.05	
1558.06	
1558.08	
1558.08	
1558.09	
1558.1	
1558.12	
1558.12	
1558.13	
1558.15	
1558.15	
1558.16	
1558.17	
1558.19	
1558.19	
1558.2	
1558.22	
1558.22	
1558.23	
1558.24	
1558.26	
1558.26	
1558.27	
1558.29	
1558.29	
1558.3	
1558.31	
1558.33	
1558.33	
1558.34	
1558.36	
1558.36	
1558.37	
1558.38	
1558.4	
1558.4	
1558.41	
1558.43	
1558.43	
1558.44	
1558.45	
1558.47	
1558.47	
1558.48	
1558.5	
1558.5	
1558.51	
1558.52	
1558.54	
1558.54	
1558.55	
1558.57	
1558.57	
1558.58	
1558.59	
1558.61	
1558.61	
1558.62	
1558.64	
1558.64	
1558.65	
1558.66	
1558.68	
1558.68	
1558.7	
1558.71	
1558.72	
1558.73	
1558.73	
1558.75	
1558.75	
1558.76	
1558.78	
1558.78	
1558.79	
1558.8	
1558.82	
1558.82	
1558.83	
1558.83	
1558.85	
1558.86	
1558.88	
1558.89	
1558.89	
1558.9	
1558.92	
1558.92	
1558.93	
1558.94	
1558.96	
1558.96	
1558.97	
1558.99	
1558.99	
1559	
1559.01	
1559.03	
1559.03	
1559.04	
1559.06	
1559.06	
1559.07	
1559.08	
1559.1	
1559.1	
1559.11	
1559.13	
1559.13	
1559.14	
1559.15	
1559.17	
1559.17	
1559.18	
1559.2	
1559.2	
1559.21	
1559.22	
1559.24	
1559.24	
1559.25	
1559.27	
1559.27	
1559.28	
1559.29	
1559.31	
1559.31	
1559.31	
1559.34	
1559.34	
1559.35	
1559.36	
1559.38	
1559.38	
1559.39	
1559.41	
1559.41	
1559.42	
1559.43	
1559.45	
1559.45	
1559.46	
1559.48	
1559.48	
1559.49	
1559.5	
1559.52	
1559.52	
1559.53	
1559.53	
1559.55	
1559.56	
1559.57	
1559.59	
1559.59	
1559.6	
1559.62	
1559.62	
1559.63	
1559.64	
1559.66	
1559.66	
1559.67	
1559.69	
1559.69	
1559.7	
1559.71	
1559.71	
1559.73	
1559.74	
1559.74	
1559.76	
1559.77	
1559.79	
1559.8	
1559.8	
1559.81	
1559.83	
1559.84	
1559.85	
1559.85	
1559.87	
1559.88	
1559.88	
1559.9	
1559.91	
1559.91	
1559.92	
1559.94	
1559.94	
1559.95	
1559.97	
1559.97	
1559.98	
1559.99	
1560.01	
1560.01	
1560.02	
1560.02	
1560.04	
1560.05	
1560.06	
1560.08	
1560.08	
1560.09	
1560.11	
1560.12	
1560.13	
1560.13	
1560.15	
1560.15	
1560.16	
1560.18	
1560.18	
1560.19	
1560.2	
1560.22	
1560.22	
1560.23	
1560.25	
1560.26	
1560.26	
1560.27	
1560.29	
1560.29	
1560.3	
1560.32	
1560.33	
1560.34	
1560.34	
1560.36	
1560.36	
1560.37	
1560.39	
1560.39	
1560.4	
1560.42	
1560.43	
1560.43	
1560.44	
1560.46	
1560.46	
1560.47	
1560.49	
1560.5	
1560.5	
1560.51	
1560.51	
1560.53	
1560.54	
1560.55	
1560.55	
1560.57	
1560.58	
1560.6	
1560.6	
1560.6	
1560.62	
1560.64	
1560.64	
1560.65	
1560.67	
1560.67	
1560.68	
1560.69	
1560.71	
1560.71	
1560.71	
1560.74	
1560.74	
1560.75	
1560.76	
1560.78	
1560.78	
1560.79	
1560.81	
1560.82	
1560.82	
1560.83	
1560.85	
1560.85	
1560.86	
1560.88	
1560.88	
1560.89	
1560.9	
1560.92	
1560.92	
1560.93	
1560.95	
1560.95	
1560.96	
1560.97	
1560.99	
1560.99	
1561	
1561.02	
1561.02	
1561.03	
1561.03	
1561.05	
1561.06	
1561.07	
1561.09	
1561.09	
1561.1	
1561.11	
1561.13	
1561.13	
1561.14	
1561.16	
1561.16	
1561.18	
1561.18	
1561.19	
1561.2	
1561.21	
1561.21	
1561.23	
1561.24	
1561.25	
1561.27	
1561.28	
1561.28	
1561.3	
1561.3	
1561.31	
1561.32	
1561.34	
1561.34	
1561.35	
1561.37	
1561.37	
1561.38	
1561.39	
1561.41	
1561.41	
1561.42	
1561.44	
1561.44	
1561.45	
1561.46	
1561.48	
1561.48	
1561.49	
1561.51	
1561.51	
1561.52	
1561.53	
1561.55	
1561.55	
1561.56	
1561.58	
1561.58	
1561.59	
1561.6	
1561.62	
1561.62	
1561.63	
1561.65	
1561.65	
1561.66	
1561.67	
1561.69	
1561.69	
1561.7	
1561.72	
1561.72	
1561.73	
1561.74	
1561.76	
1561.76	
1561.77	
1561.79	
1561.79	
1561.81	
1561.81	
1561.83	
1561.83	
1561.84	
1561.86	
1561.86	
1561.87	
1561.88	
1561.9	
1561.9	
1561.91	
1561.93	
1561.93	
1561.94	
1561.95	
1561.97	
1561.97	
1561.98	
1562	
1562	
1562.01	
1562.02	
1562.04	
1562.04	
1562.05	
1562.07	
1562.07	
1562.08	
1562.09	
1562.11	
1562.11	
1562.12	
1562.14	
1562.14	
1562.15	
1562.16	
1562.18	
1562.18	
1562.19	
1562.21	
1562.21	
1562.22	
1562.23	
1562.25	
1562.25	
1562.26	
1562.28	
1562.28	
1562.29	
1562.3	
1562.32	
1562.32	
1562.33	
1562.35	
1562.35	
1562.36	
1562.37	
1562.39	
1562.39	
1562.4	
1562.42	
1562.42	
1562.43	
1562.45	
1562.46	
1562.46	
1562.47	
1562.49	
1562.49	
1562.51	
1562.52	
1562.53	
1562.53	
1562.54	
1562.56	
1562.56	
1562.57	
1562.58	
1562.6	
1562.6	
1562.61	
1562.63	
1562.63	
1562.64	
1562.66	
1562.67	
1562.67	
1562.68	
1562.7	
