time	
569.049	
569.049	
569.063	
569.077	
569.077	
569.091	
569.105	
569.119	
569.119	
569.133	
569.147	
569.147	
569.162	
569.175	
569.189	
569.189	
569.203	
569.217	
569.217	
569.231	
569.245	
569.259	
569.259	
569.273	
569.287	
569.287	
569.301	
569.315	
569.329	
569.329	
569.343	
569.357	
569.357	
569.371	
569.385	
569.399	
569.399	
569.413	
569.427	
569.427	
569.441	
569.455	
569.469	
569.469	
569.483	
569.497	
569.497	
569.511	
569.526	
569.539	
569.539	
569.553	
569.568	
569.568	
569.581	
569.597	
569.609	
569.609	
569.623	
569.637	
569.637	
569.652	
569.665	
569.679	
569.679	
569.693	
569.707	
569.707	
569.722	
569.735	
569.749	
569.749	
569.763	
569.778	
569.778	
569.794	
569.805	
569.819	
569.819	
569.833	
569.85	
569.85	
569.864	
569.864	
569.879	
569.891	
569.903	
569.917	
569.931	
569.945	
569.945	
569.959	
569.973	
569.973	
569.987	
569.987	
570.001	
570.015	
570.029	
570.029	
570.044	
570.057	
570.057	
570.071	
570.085	
570.099	
570.113	
570.113	
570.128	
570.128	
570.141	
570.169	
570.169	
570.169	
570.183	
570.183	
570.216	
570.216	
570.225	
570.239	
570.239	
570.253	
570.267	
570.267	
570.281	
570.295	
570.295	
570.309	
570.326	
570.337	
570.337	
570.351	
570.365	
570.379	
570.379	
570.397	
570.407	
570.407	
570.421	
570.435	
570.435	
570.463	
570.463	
570.478	
570.478	
570.491	
570.505	
570.519	
570.519	
570.533	
570.548	
570.548	
570.561	
570.575	
570.575	
570.59	
570.603	
570.617	
570.617	
570.631	
570.645	
570.659	
570.659	
570.673	
570.688	
570.688	
570.701	
570.715	
570.729	
570.729	
570.743	
570.757	
570.757	
570.771	
570.786	
570.799	
570.799	
570.813	
570.827	
570.827	
570.841	
570.855	
570.869	
570.869	
570.883	
570.897	
570.897	
570.911	
570.925	
570.939	
570.939	
570.953	
570.967	
570.967	
570.982	
570.997	
570.997	
571.009	
571.023	
571.023	
571.047	
571.053	
571.065	
571.079	
571.079	
571.093	
571.107	
571.107	
571.121	
571.135	
571.135	
571.149	
571.163	
571.177	
571.177	
571.191	
571.206	
571.219	
571.219	
571.233	
571.247	
571.247	
571.261	
571.275	
571.289	
571.289	
571.303	
571.318	
571.318	
571.345	
571.345	
571.359	
571.373	
571.387	
571.387	
571.387	
571.401	
571.415	
571.429	
571.429	
571.443	
571.457	
571.457	
571.471	
571.485	
571.499	
571.499	
571.513	
571.528	
571.541	
571.541	
571.555	
571.569	
571.569	
571.583	
571.597	
571.597	
571.611	
571.625	
571.639	
571.639	
571.653	
571.667	
571.667	
571.681	
571.695	
571.695	
571.709	
571.723	
571.737	
571.737	
571.751	
571.765	
571.779	
571.779	
571.793	
571.807	
571.807	
571.821	
571.835	
571.835	
571.849	
571.863	
571.878	
571.878	
571.891	
571.905	
571.919	
571.919	
571.933	
571.947	
571.947	
571.961	
571.975	
571.989	
571.989	
572.003	
572.017	
572.017	
572.031	
572.045	
572.045	
572.059	
572.073	
572.101	
572.101	
572.101	
572.115	
572.115	
572.129	
572.143	
572.157	
572.171	
572.171	
572.185	
572.199	
572.199	
572.213	
572.227	
572.227	
572.241	
572.255	
572.269	
572.269	
572.283	
572.297	
572.297	
572.311	
572.325	
572.325	
572.339	
572.353	
572.367	
572.367	
572.381	
572.395	
572.409	
572.409	
572.423	
572.437	
572.437	
572.451	
572.465	
572.479	
572.479	
572.493	
572.507	
572.507	
572.521	
572.535	
572.535	
572.549	
572.563	
572.577	
572.577	
572.591	
572.605	
572.619	
572.619	
572.633	
572.647	
572.647	
572.661	
572.675	
572.689	
572.689	
572.703	
572.717	
572.717	
572.731	
572.746	
572.759	
572.759	
572.773	
572.787	
572.787	
572.801	
572.815	
572.829	
572.829	
572.843	
572.857	
572.857	
572.871	
572.886	
572.886	
572.899	
572.915	
572.927	
572.927	
572.941	
572.955	
572.955	
572.969	
572.983	
572.997	
572.997	
573.011	
573.025	
573.025	
573.039	
573.053	
573.067	
573.067	
573.081	
573.095	
573.109	
573.109	
573.123	
573.137	
573.137	
573.151	
573.165	
573.165	
573.179	
573.193	
573.207	
573.221	
573.221	
573.235	
573.249	
573.249	
573.263	
573.277	
573.291	
573.291	
573.305	
573.319	
573.319	
573.333	
573.347	
573.347	
573.361	
573.375	
573.375	
573.389	
573.403	
573.417	
573.417	
573.431	
573.445	
573.445	
573.459	
573.473	
573.487	
573.487	
573.501	
573.515	
573.515	
573.529	
573.543	
573.558	
573.558	
573.571	
573.585	
573.585	
573.599	
573.613	
573.627	
573.627	
573.641	
573.655	
573.669	
573.669	
573.683	
573.697	
573.697	
573.711	
573.725	
573.739	
573.739	
573.753	
573.767	
573.767	
573.781	
573.795	
573.809	
573.809	
573.823	
573.837	
573.837	
573.851	
573.865	
573.879	
573.879	
573.893	
573.907	
573.907	
573.921	
573.935	
573.949	
573.949	
573.963	
573.977	
573.977	
573.991	
574.005	
574.019	
574.019	
574.033	
574.047	
574.061	
574.061	
574.075	
574.09	
574.09	
574.103	
574.117	
574.117	
574.131	
574.145	
574.159	
574.159	
574.173	
574.187	
574.187	
574.201	
574.215	
574.215	
574.229	
574.243	
574.257	
574.257	
574.271	
574.285	
574.299	
574.299	
574.313	
574.327	
574.327	
574.341	
574.355	
574.369	
574.369	
574.383	
574.398	
574.398	
574.411	
574.425	
574.439	
574.439	
574.453	
574.467	
574.467	
574.481	
574.495	
574.509	
574.509	
574.523	
574.537	
574.537	
574.551	
574.565	
574.579	
574.579	
574.593	
574.607	
574.607	
574.621	
574.635	
574.649	
574.649	
574.663	
574.677	
574.677	
574.691	
574.705	
574.719	
574.733	
574.733	
574.747	
574.747	
574.761	
574.775	
574.775	
574.789	
574.817	
574.817	
574.817	
574.831	
574.845	
574.859	
574.859	
574.873	
574.887	
574.887	
574.901	
574.915	
574.929	
574.929	
574.943	
574.957	
574.957	
574.971	
574.985	
574.985	
575	
575.013	
575.027	
575.027	
575.041	
575.055	
575.069	
575.069	
575.083	
575.097	
575.097	
575.111	
575.125	
575.139	
575.139	
575.153	
575.167	
575.167	
575.181	
575.195	
575.209	
575.223	
575.223	
575.237	
575.251	
575.251	
575.265	
575.279	
575.279	
575.293	
575.307	
575.307	
575.321	
575.335	
575.349	
575.349	
575.363	
575.377	
575.377	
575.391	
575.405	
575.419	
575.419	
575.433	
575.447	
575.447	
575.461	
575.475	
575.489	
575.489	
575.503	
575.517	
575.517	
575.531	
575.545	
575.559	
575.559	
575.573	
575.587	
575.587	
575.601	
575.615	
575.629	
575.629	
575.643	
575.657	
575.657	
575.671	
575.685	
575.699	
575.699	
575.713	
575.727	
575.727	
575.741	
575.755	
575.769	
575.769	
575.783	
575.797	
575.797	
575.811	
575.825	
575.839	
575.839	
575.853	
575.867	
575.867	
575.881	
575.895	
575.909	
575.909	
575.923	
575.937	
575.937	
575.951	
575.965	
575.979	
575.979	
575.993	
576.007	
576.007	
576.021	
576.036	
576.049	
576.049	
576.063	
576.077	
576.077	
576.091	
576.105	
576.105	
576.119	
576.133	
576.147	
576.147	
576.161	
576.175	
576.175	
576.189	
576.203	
576.217	
576.217	
576.231	
576.245	
576.259	
576.259	
576.273	
576.287	
576.287	
576.301	
576.315	
576.329	
576.329	
576.343	
576.357	
576.357	
576.371	
576.385	
576.399	
576.399	
576.413	
576.427	
576.427	
576.441	
576.455	
576.469	
576.469	
576.483	
576.497	
576.497	
576.511	
576.525	
576.539	
576.539	
576.553	
576.567	
576.567	
576.581	
576.595	
576.609	
576.609	
576.623	
576.637	
576.637	
576.651	
576.666	
576.679	
576.679	
576.693	
576.707	
576.707	
576.721	
576.735	
576.735	
576.75	
576.763	
576.777	
576.777	
576.791	
576.805	
576.819	
576.819	
576.833	
576.847	
576.847	
576.861	
576.875	
576.889	
576.889	
576.903	
576.917	
576.917	
576.931	
576.945	
