time	
3997.56	
3997.56	
3997.58	
3997.59	
3997.59	
3997.6	
3997.62	
3997.63	
3997.63	
3997.65	
3997.66	
3997.66	
3997.67	
3997.69	
3997.7	
3997.7	
3997.72	
3997.73	
3997.73	
3997.74	
3997.76	
3997.77	
3997.77	
3997.79	
3997.8	
3997.8	
3997.81	
3997.83	
3997.84	
3997.84	
3997.86	
3997.87	
3997.87	
3997.88	
3997.9	
3997.91	
3997.91	
3997.93	
3997.94	
3997.94	
3997.95	
3997.97	
3997.98	
3997.98	
3998	
3998.01	
3998.01	
3998.02	
3998.04	
3998.05	
3998.05	
3998.07	
3998.08	
3998.08	
3998.09	
3998.11	
3998.12	
3998.12	
3998.14	
3998.15	
3998.15	
3998.16	
3998.18	
3998.19	
3998.19	
3998.21	
3998.22	
3998.22	
3998.23	
3998.25	
3998.26	
3998.26	
3998.28	
3998.29	
3998.29	
3998.3	
3998.32	
3998.33	
3998.33	
3998.35	
3998.36	
3998.36	
3998.37	
3998.39	
3998.4	
3998.4	
3998.42	
3998.43	
3998.43	
3998.44	
3998.46	
3998.47	
3998.47	
3998.49	
3998.5	
3998.5	
3998.51	
3998.53	
3998.54	
3998.54	
3998.56	
3998.57	
3998.57	
3998.59	
3998.6	
3998.61	
3998.61	
3998.63	
3998.64	
3998.64	
3998.65	
3998.67	
3998.68	
3998.68	
3998.7	
3998.71	
3998.71	
3998.72	
3998.74	
3998.75	
3998.75	
3998.77	
3998.78	
3998.79	
3998.79	
3998.81	
3998.82	
3998.82	
3998.84	
3998.85	
3998.85	
3998.86	
3998.88	
3998.89	
3998.89	
3998.91	
3998.92	
3998.92	
3998.93	
3998.95	
3998.96	
3998.96	
3998.98	
3998.99	
3998.99	
3999	
3999.02	
3999.02	
3999.04	
3999.05	
3999.06	
3999.06	
3999.07	
3999.09	
3999.1	
3999.1	
3999.12	
3999.13	
3999.13	
3999.14	
3999.16	
3999.16	
3999.17	
3999.19	
3999.2	
3999.2	
3999.21	
3999.23	
3999.24	
3999.24	
3999.26	
3999.27	
3999.27	
3999.28	
3999.3	
3999.31	
3999.31	
3999.33	
3999.34	
3999.34	
3999.35	
3999.37	
3999.38	
3999.38	
3999.4	
3999.41	
3999.41	
3999.42	
3999.44	
3999.44	
3999.45	
3999.47	
3999.48	
3999.48	
3999.49	
3999.51	
3999.52	
3999.52	
3999.54	
3999.55	
3999.55	
3999.56	
3999.58	
3999.59	
3999.59	
3999.61	
3999.62	
3999.62	
3999.63	
3999.65	
3999.66	
3999.66	
3999.68	
3999.69	
3999.69	
3999.71	
3999.72	
3999.73	
3999.73	
3999.75	
3999.76	
3999.76	
3999.77	
3999.79	
3999.8	
3999.8	
3999.82	
3999.83	
3999.83	
3999.84	
3999.86	
3999.87	
3999.87	
3999.89	
3999.9	
3999.9	
3999.91	
3999.93	
3999.94	
3999.94	
3999.96	
3999.97	
3999.97	
3999.98	
4000	
4000.01	
4000.01	
4000.03	
4000.04	
4000.04	
4000.05	
4000.07	
4000.08	
4000.08	
4000.1	
4000.11	
4000.11	
4000.12	
4000.14	
4000.15	
4000.15	
4000.17	
4000.18	
4000.18	
4000.19	
4000.21	
4000.22	
4000.22	
4000.24	
4000.25	
4000.25	
4000.26	
4000.28	
4000.29	
4000.29	
4000.31	
4000.31	
4000.33	
4000.33	
4000.35	
4000.36	
4000.36	
4000.38	
4000.39	
4000.4	
4000.4	
4000.42	
4000.43	
4000.43	
4000.45	
4000.46	
4000.46	
4000.47	
4000.49	
4000.5	
4000.5	
4000.52	
4000.53	
4000.53	
4000.54	
4000.56	
4000.57	
4000.57	
4000.59	
4000.6	
4000.6	
4000.61	
4000.63	
4000.64	
4000.64	
4000.66	
4000.67	
4000.67	
4000.68	
4000.7	
4000.71	
4000.71	
4000.73	
4000.74	
4000.74	
4000.75	
4000.77	
4000.78	
4000.78	
4000.8	
4000.81	
4000.81	
4000.82	
4000.84	
4000.85	
4000.85	
4000.87	
4000.88	
4000.88	
4000.89	
4000.91	
4000.92	
4000.92	
4000.94	
4000.95	
4000.95	
4000.96	
4000.98	
4000.99	
4000.99	
4001.01	
4001.02	
4001.02	
4001.03	
4001.05	
4001.06	
4001.06	
4001.08	
4001.09	
4001.1	
4001.1	
4001.12	
4001.13	
4001.13	
4001.15	
4001.16	
4001.16	
4001.17	
4001.19	
4001.2	
4001.2	
4001.22	
4001.23	
4001.23	
4001.24	
4001.26	
4001.27	
4001.27	
4001.29	
4001.3	
4001.3	
4001.31	
4001.33	
4001.34	
4001.34	
4001.36	
4001.37	
4001.37	
4001.38	
4001.4	
4001.41	
4001.41	
4001.43	
4001.44	
4001.44	
4001.45	
4001.47	
4001.48	
4001.48	
4001.5	
4001.51	
4001.51	
4001.52	
4001.54	
4001.54	
4001.55	
4001.57	
4001.58	
4001.58	
4001.59	
4001.61	
4001.62	
4001.62	
4001.64	
4001.65	
4001.65	
4001.66	
4001.68	
4001.69	
4001.69	
4001.71	
4001.72	
4001.72	
4001.73	
4001.75	
4001.76	
4001.76	
4001.78	
4001.79	
4001.79	
4001.8	
4001.82	
4001.83	
4001.83	
4001.85	
4001.86	
4001.86	
4001.87	
4001.89	
4001.9	
4001.9	
4001.92	
4001.93	
4001.93	
4001.94	
4001.96	
4001.97	
4001.97	
4001.99	
4002	
4002	
4002.01	
4002.03	
4002.04	
4002.04	
4002.06	
4002.07	
4002.07	
4002.08	
4002.1	
4002.11	
4002.11	
4002.13	
4002.14	
4002.14	
4002.15	
4002.17	
4002.18	
4002.18	
4002.2	
4002.2	
4002.21	
4002.22	
4002.24	
4002.25	
4002.25	
4002.27	
4002.28	
4002.28	
4002.29	
4002.31	
4002.32	
4002.32	
4002.34	
4002.35	
4002.35	
4002.36	
4002.38	
4002.39	
4002.39	
4002.41	
4002.42	
4002.42	
4002.43	
4002.45	
4002.46	
4002.46	
4002.48	
4002.48	
4002.5	
4002.5	
4002.52	
4002.53	
4002.53	
4002.55	
4002.56	
4002.56	
4002.57	
4002.59	
4002.6	
4002.6	
4002.62	
4002.63	
4002.63	
4002.64	
4002.66	
4002.67	
4002.67	
4002.69	
4002.7	
4002.71	
4002.71	
4002.73	
4002.74	
4002.74	
4002.76	
4002.77	
4002.77	
4002.78	
4002.8	
4002.81	
4002.83	
4002.83	
4002.84	
4002.84	
4002.85	
4002.87	
4002.88	
4002.88	
4002.9	
4002.91	
4002.91	
4002.92	
4002.94	
4002.95	
4002.95	
4002.97	
4002.98	
4002.98	
4002.99	
4003.01	
4003.02	
4003.02	
4003.04	
4003.05	
4003.05	
4003.06	
4003.08	
4003.09	
4003.09	
4003.11	
4003.12	
4003.12	
4003.13	
4003.15	
4003.16	
4003.16	
4003.18	
4003.19	
4003.19	
4003.2	
4003.22	
4003.23	
4003.25	
4003.25	
4003.26	
4003.26	
4003.27	
4003.29	
4003.3	
4003.3	
4003.32	
4003.33	
4003.33	
4003.35	
4003.36	
4003.37	
4003.37	
4003.39	
4003.4	
4003.4	
4003.41	
4003.43	
4003.44	
4003.44	
4003.46	
4003.47	
4003.47	
4003.48	
4003.5	
4003.51	
4003.51	
4003.53	
4003.54	
4003.54	
4003.55	
4003.57	
4003.58	
4003.58	
4003.6	
4003.61	
4003.61	
4003.62	
4003.64	
4003.65	
4003.67	
4003.67	
4003.68	
4003.68	
4003.69	
4003.71	
4003.72	
4003.72	
4003.74	
4003.75	
4003.75	
4003.76	
4003.78	
4003.79	
4003.79	
4003.81	
4003.82	
4003.82	
4003.83	
4003.85	
4003.86	
4003.86	
4003.88	
4003.89	
4003.89	
4003.9	
4003.92	
4003.93	
4003.93	
4003.95	
4003.96	
4003.96	
4003.97	
4003.99	
4004	
4004	
4004.02	
4004.03	
4004.03	
4004.04	
4004.06	
4004.07	
4004.07	
4004.09	
4004.1	
4004.1	
4004.11	
4004.13	
4004.14	
4004.14	
4004.16	
4004.17	
4004.17	
4004.18	
4004.2	
4004.21	
4004.21	
4004.23	
4004.24	
4004.24	
4004.25	
4004.27	
4004.28	
4004.28	
4004.3	
4004.31	
4004.31	
4004.32	
4004.34	
4004.35	
4004.35	
4004.37	
4004.38	
4004.38	
4004.39	
4004.41	
4004.42	
4004.42	
4004.44	
4004.45	
4004.45	
4004.46	
4004.48	
4004.49	
4004.49	
4004.51	
4004.52	
4004.52	
4004.53	
4004.55	
4004.56	
4004.56	
4004.58	
4004.59	
4004.59	
4004.61	
4004.62	
4004.63	
4004.63	
4004.65	
4004.66	
4004.66	
4004.67	
4004.69	
4004.7	
4004.7	
4004.72	
4004.73	
