time	
3084.69	
3084.69	
3084.7	
3084.72	
3084.72	
3084.73	
3084.74	
3084.74	
3084.76	
3084.77	
3084.79	
3084.79	
3084.8	
3084.81	
3084.81	
3084.83	
3084.84	
3084.86	
3084.86	
3084.87	
3084.88	
3084.88	
3084.9	
3084.91	
3084.93	
3084.93	
3084.94	
3084.95	
3084.95	
3084.97	
3084.98	
3085	
3085	
3085.01	
3085.02	
3085.02	
3085.04	
3085.05	
3085.07	
3085.07	
3085.08	
3085.09	
3085.09	
3085.11	
3085.12	
3085.14	
3085.14	
3085.15	
3085.16	
3085.16	
3085.18	
3085.19	
3085.21	
3085.21	
3085.22	
3085.23	
3085.23	
3085.25	
3085.26	
3085.28	
3085.28	
3085.29	
3085.3	
3085.3	
3085.32	
3085.33	
3085.35	
3085.35	
3085.36	
3085.37	
3085.37	
3085.39	
3085.4	
3085.42	
3085.42	
3085.43	
3085.44	
3085.44	
3085.46	
3085.47	
3085.49	
3085.49	
3085.5	
3085.51	
3085.51	
3085.53	
3085.54	
3085.56	
3085.56	
3085.57	
3085.58	
3085.58	
3085.6	
3085.61	
3085.63	
3085.63	
3085.64	
3085.65	
3085.65	
3085.67	
3085.68	
3085.7	
3085.7	
3085.71	
3085.72	
3085.72	
3085.74	
3085.75	
3085.75	
3085.77	
3085.78	
3085.8	
3085.81	
3085.82	
3085.82	
3085.84	
3085.84	
3085.85	
3085.85	
3085.87	
3085.88	
3085.89	
3085.91	
3085.91	
3085.91	
3085.93	
3085.93	
3085.95	
3085.96	
3085.96	
3085.98	
3085.99	
3086	
3086	
3086.02	
3086.03	
3086.05	
3086.05	
3086.06	
3086.06	
3086.08	
3086.09	
3086.1	
3086.12	
3086.12	
3086.13	
3086.14	
3086.14	
3086.16	
3086.17	
3086.19	
3086.19	
3086.2	
3086.21	
3086.21	
3086.23	
3086.24	
3086.26	
3086.26	
3086.27	
3086.28	
3086.28	
3086.3	
3086.31	
3086.33	
3086.33	
3086.34	
3086.35	
3086.35	
3086.37	
3086.38	
3086.4	
3086.4	
3086.41	
3086.42	
3086.42	
3086.44	
3086.45	
3086.47	
3086.47	
3086.48	
3086.49	
3086.49	
3086.51	
3086.52	
3086.54	
3086.54	
3086.55	
3086.56	
3086.56	
3086.58	
3086.59	
3086.61	
3086.61	
3086.62	
3086.63	
3086.63	
3086.65	
3086.66	
3086.68	
3086.68	
3086.69	
3086.7	
3086.7	
3086.72	
3086.73	
3086.75	
3086.75	
3086.76	
3086.77	
3086.77	
3086.79	
3086.8	
3086.82	
3086.82	
3086.83	
3086.84	
3086.84	
3086.86	
3086.87	
3086.89	
3086.89	
3086.9	
3086.9	
3086.92	
3086.93	
3086.94	
3086.96	
3086.96	
3086.97	
3086.98	
3086.98	
3086.98	
3087.01	
3087.03	
3087.03	
3087.04	
3087.05	
3087.05	
3087.07	
3087.08	
3087.1	
3087.1	
3087.11	
3087.12	
3087.12	
3087.14	
3087.15	
3087.17	
3087.17	
3087.18	
3087.19	
3087.19	
3087.21	
3087.22	
3087.24	
3087.24	
3087.25	
3087.26	
3087.26	
3087.28	
3087.29	
3087.31	
3087.31	
3087.32	
3087.33	
3087.33	
3087.35	
3087.36	
3087.38	
3087.38	
3087.39	
3087.4	
3087.4	
3087.42	
3087.43	
3087.43	
3087.45	
3087.46	
3087.47	
3087.47	
3087.49	
3087.5	
3087.52	
3087.52	
3087.53	
3087.54	
3087.54	
3087.56	
3087.57	
3087.59	
3087.59	
3087.6	
3087.61	
3087.61	
3087.63	
3087.64	
3087.66	
3087.66	
3087.67	
3087.68	
3087.68	
3087.7	
3087.71	
3087.71	
3087.73	
3087.74	
3087.75	
3087.75	
3087.77	
3087.78	
3087.8	
3087.8	
3087.81	
3087.82	
3087.82	
3087.84	
3087.85	
3087.85	
3087.87	
3087.88	
3087.89	
3087.89	
3087.91	
3087.92	
3087.94	
3087.94	
3087.95	
3087.96	
3087.96	
3087.98	
3087.99	
3088.01	
3088.01	
3088.02	
3088.03	
3088.03	
3088.05	
3088.06	
3088.08	
3088.08	
3088.09	
3088.1	
3088.1	
3088.12	
3088.13	
3088.15	
3088.15	
3088.16	
3088.17	
3088.17	
3088.19	
3088.2	
3088.22	
3088.22	
3088.23	
3088.24	
3088.24	
3088.26	
3088.27	
3088.29	
3088.29	
3088.3	
3088.31	
3088.31	
3088.33	
3088.34	
3088.36	
3088.36	
3088.37	
3088.38	
3088.38	
3088.4	
3088.41	
3088.43	
3088.43	
3088.44	
3088.45	
3088.45	
3088.47	
3088.48	
3088.5	
3088.5	
3088.51	
3088.52	
3088.52	
3088.54	
3088.55	
3088.57	
3088.57	
3088.58	
3088.59	
3088.59	
3088.61	
3088.62	
3088.64	
3088.64	
3088.65	
3088.66	
3088.66	
3088.68	
3088.69	
3088.71	
3088.71	
3088.72	
3088.73	
3088.73	
3088.75	
3088.76	
3088.78	
3088.78	
3088.79	
3088.8	
3088.8	
3088.82	
3088.83	
3088.85	
3088.85	
3088.86	
3088.87	
3088.87	
3088.89	
3088.9	
3088.92	
3088.92	
3088.93	
3088.94	
3088.94	
3088.96	
3088.97	
3088.99	
3088.99	
3089	
3089.01	
3089.01	
3089.03	
3089.04	
3089.06	
3089.06	
3089.07	
3089.08	
3089.08	
3089.1	
3089.11	
3089.13	
3089.13	
3089.14	
3089.15	
3089.15	
3089.17	
3089.18	
3089.2	
3089.2	
3089.21	
3089.22	
3089.22	
3089.24	
3089.25	
3089.27	
3089.27	
3089.28	
3089.29	
3089.29	
3089.31	
3089.32	
3089.34	
3089.34	
3089.35	
3089.36	
3089.36	
3089.38	
3089.39	
3089.41	
3089.41	
3089.42	
3089.43	
3089.43	
3089.45	
3089.46	
3089.48	
3089.48	
3089.49	
3089.5	
3089.5	
3089.52	
3089.53	
3089.55	
3089.55	
3089.56	
3089.57	
3089.57	
3089.59	
3089.6	
3089.62	
3089.62	
3089.63	
3089.64	
3089.64	
3089.66	
3089.67	
3089.69	
3089.69	
3089.7	
3089.71	
3089.71	
3089.73	
3089.74	
3089.76	
3089.76	
3089.77	
3089.78	
3089.78	
3089.8	
3089.81	
3089.83	
3089.83	
3089.84	
3089.85	
3089.85	
3089.87	
3089.88	
3089.9	
3089.9	
3089.91	
3089.92	
3089.92	
3089.94	
3089.95	
3089.97	
3089.97	
3089.98	
3089.99	
3089.99	
3090.01	
3090.02	
3090.04	
3090.04	
3090.05	
3090.06	
3090.06	
3090.08	
3090.09	
3090.11	
3090.11	
3090.12	
3090.13	
3090.13	
3090.15	
3090.16	
3090.18	
3090.18	
3090.19	
3090.2	
3090.2	
3090.22	
3090.23	
3090.25	
3090.25	
3090.26	
3090.27	
3090.27	
3090.29	
3090.3	
3090.32	
3090.32	
3090.33	
3090.34	
3090.34	
3090.36	
3090.37	
3090.39	
3090.39	
3090.4	
3090.41	
3090.41	
3090.43	
3090.44	
3090.46	
3090.46	
3090.47	
3090.48	
3090.48	
3090.5	
3090.51	
3090.53	
3090.53	
3090.54	
3090.55	
3090.55	
3090.57	
3090.58	
3090.6	
3090.6	
3090.61	
3090.62	
3090.62	
3090.64	
3090.65	
3090.67	
3090.67	
3090.68	
3090.69	
3090.69	
3090.71	
3090.72	
3090.74	
3090.74	
3090.75	
3090.76	
3090.76	
3090.78	
3090.79	
3090.81	
3090.81	
3090.82	
3090.83	
3090.83	
3090.85	
3090.86	
3090.88	
3090.88	
3090.89	
3090.9	
3090.9	
3090.92	
3090.93	
3090.95	
3090.95	
3090.96	
3090.97	
3090.97	
3090.99	
3091	
3091.02	
3091.02	
3091.03	
3091.04	
3091.04	
3091.06	
3091.07	
3091.09	
3091.09	
3091.1	
3091.11	
3091.11	
3091.13	
3091.14	
3091.16	
3091.16	
3091.17	
3091.18	
3091.18	
3091.2	
3091.21	
3091.23	
3091.23	
3091.24	
3091.25	
3091.25	
3091.27	
3091.28	
3091.3	
3091.3	
3091.31	
3091.32	
3091.32	
3091.34	
3091.35	
3091.37	
3091.37	
3091.38	
3091.39	
3091.39	
3091.41	
3091.42	
3091.44	
3091.44	
3091.45	
3091.46	
3091.46	
3091.48	
3091.49	
3091.51	
3091.51	
3091.52	
3091.53	
3091.53	
3091.55	
3091.56	
3091.58	
3091.58	
3091.59	
3091.6	
3091.6	
3091.62	
3091.63	
3091.65	
3091.65	
3091.66	
3091.67	
3091.67	
3091.69	
3091.7	
3091.72	
3091.72	
3091.73	
3091.74	
3091.74	
3091.76	
3091.77	
3091.79	
3091.79	
3091.8	
3091.81	
3091.81	
3091.83	
3091.84	
3091.86	
3091.86	
3091.87	
3091.88	
3091.88	
3091.9	
3091.91	
3091.93	
3091.93	
3091.94	
3091.95	
3091.95	
3091.97	
3091.98	
3092	
3092	
3092.01	
3092.02	
3092.02	
3092.04	
3092.05	
3092.07	
3092.08	
3092.08	
3092.09	
3092.09	
3092.11	
3092.12	
3092.14	
3092.14	
3092.15	
3092.16	
3092.16	
3092.18	
3092.19	
3092.21	
3092.21	
3092.22	
3092.23	
3092.23	
3092.25	
3092.26	
3092.28	
3092.28	
3092.29	
3092.3	
3092.3	
3092.32	
3092.33	
3092.35	
3092.35	
3092.36	
3092.37	
3092.37	
3092.39	
3092.4	
3092.42	
3092.42	
3092.43	
3092.44	
3092.44	
3092.46	
3092.47	
3092.49	
3092.49	
