time	
2528.32	
2528.33	
2528.33	
2528.35	
2528.36	
2528.36	
2528.37	
2528.39	
2528.4	
2528.4	
2528.42	
2528.43	
2528.43	
2528.44	
2528.46	
2528.47	
2528.47	
2528.49	
2528.5	
2528.5	
2528.51	
2528.53	
2528.54	
2528.54	
2528.56	
2528.57	
2528.57	
2528.58	
2528.6	
2528.61	
2528.61	
2528.63	
2528.64	
2528.65	
2528.65	
2528.67	
2528.68	
2528.68	
2528.7	
2528.71	
2528.71	
2528.72	
2528.74	
2528.75	
2528.75	
2528.77	
2528.78	
2528.78	
2528.79	
2528.81	
2528.82	
2528.82	
2528.84	
2528.85	
2528.85	
2528.86	
2528.88	
2528.89	
2528.89	
2528.91	
2528.92	
2528.92	
2528.93	
2528.95	
2528.96	
2528.96	
2528.98	
2528.99	
2529	
2529	
2529.02	
2529.03	
2529.03	
2529.05	
2529.06	
2529.06	
2529.07	
2529.09	
2529.1	
2529.1	
2529.12	
2529.13	
2529.13	
2529.14	
2529.16	
2529.17	
2529.17	
2529.19	
2529.2	
2529.2	
2529.21	
2529.23	
2529.24	
2529.26	
2529.26	
2529.27	
2529.27	
2529.28	
2529.3	
2529.31	
2529.31	
2529.33	
2529.34	
2529.34	
2529.35	
2529.37	
2529.38	
2529.38	
2529.4	
2529.41	
2529.41	
2529.42	
2529.44	
2529.45	
2529.45	
2529.47	
2529.48	
2529.48	
2529.49	
2529.51	
2529.52	
2529.52	
2529.54	
2529.55	
2529.55	
2529.56	
2529.58	
2529.59	
2529.59	
2529.61	
2529.62	
2529.62	
2529.63	
2529.65	
2529.66	
2529.66	
2529.68	
2529.69	
2529.69	
2529.7	
2529.72	
2529.73	
2529.73	
2529.75	
2529.76	
2529.76	
2529.77	
2529.79	
2529.8	
2529.8	
2529.83	
2529.83	
2529.84	
2529.86	
2529.86	
2529.87	
2529.87	
2529.89	
2529.9	
2529.9	
2529.91	
2529.93	
2529.94	
2529.94	
2529.96	
2529.97	
2529.97	
2529.98	
2530	
2530.01	
2530.01	
2530.03	
2530.04	
2530.04	
2530.05	
2530.07	
2530.08	
2530.08	
2530.1	
2530.11	
2530.11	
2530.12	
2530.14	
2530.15	
2530.15	
2530.17	
2530.18	
2530.18	
2530.19	
2530.21	
2530.22	
2530.22	
2530.24	
2530.25	
2530.25	
2530.26	
2530.28	
2530.29	
2530.29	
2530.31	
2530.32	
2530.32	
2530.33	
2530.35	
2530.36	
2530.36	
2530.38	
2530.39	
2530.4	
2530.4	
2530.42	
2530.43	
2530.43	
2530.45	
2530.46	
2530.46	
2530.47	
2530.49	
2530.5	
2530.5	
2530.52	
2530.53	
2530.53	
2530.54	
2530.56	
2530.57	
2530.57	
2530.59	
2530.6	
2530.6	
2530.61	
2530.63	
2530.64	
2530.64	
2530.66	
2530.67	
2530.67	
2530.68	
2530.7	
2530.71	
2530.71	
2530.73	
2530.74	
2530.74	
2530.75	
2530.77	
2530.78	
2530.78	
2530.8	
2530.81	
2530.82	
2530.82	
2530.84	
2530.85	
2530.85	
2530.87	
2530.88	
2530.88	
2530.89	
2530.91	
2530.92	
2530.92	
2530.94	
2530.95	
2530.95	
2530.96	
2530.98	
2530.99	
2530.99	
2531.01	
2531.02	
2531.02	
2531.03	
2531.05	
2531.06	
2531.06	
2531.08	
2531.09	
2531.09	
2531.1	
2531.12	
2531.13	
2531.13	
2531.15	
2531.16	
2531.16	
2531.17	
2531.19	
2531.2	
2531.2	
2531.22	
2531.23	
2531.23	
2531.24	
2531.26	
2531.26	
2531.28	
2531.29	
2531.29	
2531.31	
2531.31	
2531.33	
2531.34	
2531.34	
2531.36	
2531.37	
2531.37	
2531.38	
2531.4	
2531.41	
2531.41	
2531.43	
2531.44	
2531.44	
2531.45	
2531.47	
2531.48	
2531.48	
2531.5	
2531.51	
2531.51	
2531.52	
2531.54	
2531.55	
2531.55	
2531.57	
2531.58	
2531.58	
2531.59	
2531.61	
2531.62	
2531.62	
2531.64	
2531.65	
2531.65	
2531.66	
2531.68	
2531.69	
2531.69	
2531.71	
2531.72	
2531.72	
2531.73	
2531.75	
2531.76	
2531.76	
2531.78	
2531.79	
2531.79	
2531.8	
2531.82	
2531.83	
2531.83	
2531.85	
2531.86	
2531.86	
2531.87	
2531.89	
2531.9	
2531.9	
2531.92	
2531.93	
2531.93	
2531.94	
2531.96	
2531.97	
2531.97	
2531.99	
2532	
2532	
2532.01	
2532.03	
2532.04	
2532.04	
2532.06	
2532.07	
2532.07	
2532.08	
2532.1	
2532.11	
2532.11	
2532.13	
2532.14	
2532.14	
2532.15	
2532.17	
2532.18	
2532.18	
2532.2	
2532.21	
2532.22	
2532.22	
2532.24	
2532.25	
2532.25	
2532.27	
2532.28	
2532.29	
2532.29	
2532.31	
2532.32	
2532.32	
2532.34	
2532.35	
2532.35	
2532.36	
2532.38	
2532.39	
2532.39	
2532.41	
2532.42	
2532.42	
2532.43	
2532.45	
2532.46	
2532.46	
2532.48	
2532.49	
2532.49	
2532.5	
2532.52	
2532.53	
2532.53	
2532.55	
2532.56	
2532.56	
2532.57	
2532.59	
2532.6	
2532.6	
2532.62	
2532.63	
2532.63	
2532.64	
2532.66	
2532.67	
2532.67	
2532.69	
2532.7	
2532.7	
2532.71	
2532.73	
2532.74	
2532.74	
2532.76	
2532.77	
2532.77	
2532.78	
2532.8	
2532.81	
2532.81	
2532.83	
2532.84	
2532.84	
2532.85	
2532.87	
2532.88	
2532.88	
2532.9	
2532.91	
2532.91	
2532.92	
2532.94	
2532.95	
2532.95	
2532.97	
2532.98	
2532.98	
2532.99	
2533.01	
2533.02	
2533.02	
2533.04	
2533.05	
2533.05	
2533.06	
2533.08	
2533.09	
2533.09	
2533.11	
2533.12	
2533.12	
2533.13	
2533.15	
2533.16	
2533.16	
2533.18	
2533.19	
2533.19	
2533.2	
2533.22	
2533.23	
2533.23	
2533.25	
2533.26	
2533.26	
2533.27	
2533.29	
2533.3	
2533.3	
2533.32	
2533.33	
2533.33	
2533.34	
2533.36	
2533.37	
2533.37	
2533.39	
2533.4	
2533.4	
2533.41	
2533.43	
2533.44	
2533.44	
2533.46	
2533.47	
2533.47	
2533.48	
2533.5	
2533.51	
2533.51	
2533.53	
2533.54	
2533.54	
2533.55	
2533.57	
2533.58	
2533.58	
2533.6	
2533.61	
2533.61	
2533.62	
2533.64	
2533.65	
2533.65	
2533.67	
2533.68	
2533.68	
2533.69	
2533.71	
2533.72	
2533.72	
2533.74	
2533.75	
2533.75	
2533.76	
2533.78	
2533.79	
2533.79	
2533.81	
2533.82	
2533.82	
2533.83	
2533.85	
2533.86	
2533.86	
2533.86	
2533.89	
2533.89	
2533.9	
2533.9	
2533.93	
2533.93	
2533.93	
2533.96	
2533.96	
2533.97	
2533.99	
2534	
2534	
2534.02	
2534.03	
2534.04	
2534.04	
2534.06	
2534.07	
2534.07	
2534.09	
2534.1	
2534.1	
2534.11	
2534.13	
2534.14	
2534.14	
2534.16	
2534.17	
2534.17	
2534.19	
2534.2	
2534.21	
2534.21	
2534.23	
2534.24	
2534.24	
2534.25	
2534.27	
2534.28	
2534.28	
2534.3	
2534.31	
2534.31	
2534.32	
2534.34	
2534.35	
2534.35	
2534.37	
2534.38	
2534.38	
2534.39	
2534.41	
2534.42	
2534.42	
2534.44	
2534.45	
2534.45	
2534.46	
2534.48	
2534.49	
2534.49	
2534.51	
2534.52	
2534.52	
2534.53	
2534.55	
2534.56	
2534.56	
2534.58	
2534.59	
2534.59	
2534.6	
2534.62	
2534.63	
2534.63	
2534.65	
2534.66	
2534.66	
2534.67	
2534.69	
2534.7	
2534.7	
2534.72	
2534.73	
2534.73	
2534.74	
2534.76	
2534.77	
2534.77	
2534.79	
2534.8	
2534.81	
2534.81	
2534.83	
2534.84	
2534.84	
2534.86	
2534.87	
2534.88	
2534.88	
2534.9	
2534.91	
2534.91	
2534.93	
2534.94	
2534.94	
2534.95	
2534.97	
2534.98	
2534.98	
2535	
2535.01	
2535.01	
2535.02	
2535.04	
2535.05	
2535.05	
2535.07	
2535.08	
2535.08	
2535.09	
2535.11	
2535.12	
2535.12	
2535.14	
2535.15	
2535.15	
2535.16	
2535.18	
2535.19	
2535.19	
2535.21	
2535.22	
2535.22	
2535.24	
2535.25	
2535.26	
2535.26	
2535.28	
2535.29	
2535.29	
2535.3	
2535.32	
2535.33	
2535.33	
2535.35	
2535.36	
2535.36	
2535.37	
2535.39	
2535.4	
2535.4	
2535.42	
2535.43	
2535.43	
2535.44	
2535.46	
2535.47	
2535.47	
2535.49	
2535.5	
2535.51	
2535.51	
2535.53	
2535.54	
2535.54	
2535.56	
2535.57	
2535.57	
2535.58	
2535.6	
2535.61	
2535.61	
2535.63	
2535.64	
2535.64	
2535.65	
2535.67	
2535.68	
2535.68	
2535.7	
