time	
1229.97	
1229.97	
1229.99	
1230	
1230.01	
1230.01	
1230.03	
1230.04	
1230.04	
1230.06	
1230.07	
1230.08	
1230.08	
1230.1	
1230.11	
1230.11	
1230.13	
1230.14	
1230.15	
1230.15	
1230.17	
1230.18	
1230.18	
1230.2	
1230.21	
1230.22	
1230.22	
1230.24	
1230.25	
1230.25	
1230.27	
1230.28	
1230.29	
1230.29	
1230.31	
1230.32	
1230.32	
1230.34	
1230.35	
1230.36	
1230.36	
1230.38	
1230.39	
1230.39	
1230.41	
1230.42	
1230.43	
1230.43	
1230.45	
1230.46	
1230.46	
1230.48	
1230.49	
1230.5	
1230.5	
1230.52	
1230.53	
1230.53	
1230.55	
1230.56	
1230.57	
1230.57	
1230.59	
1230.6	
1230.6	
1230.62	
1230.63	
1230.64	
1230.64	
1230.66	
1230.67	
1230.67	
1230.69	
1230.7	
1230.71	
1230.71	
1230.73	
1230.74	
1230.74	
1230.76	
1230.77	
1230.78	
1230.78	
1230.8	
1230.81	
1230.81	
1230.83	
1230.84	
1230.85	
1230.85	
1230.87	
1230.88	
1230.88	
1230.9	
1230.91	
1230.92	
1230.92	
1230.94	
1230.95	
1230.95	
1230.97	
1230.98	
1230.99	
1230.99	
1231.01	
1231.02	
1231.02	
1231.04	
1231.05	
1231.06	
1231.06	
1231.08	
1231.09	
1231.09	
1231.11	
1231.12	
1231.13	
1231.13	
1231.15	
1231.16	
1231.16	
1231.18	
1231.19	
1231.2	
1231.2	
1231.22	
1231.23	
1231.23	
1231.25	
1231.26	
1231.27	
1231.27	
1231.29	
1231.3	
1231.3	
1231.32	
1231.33	
1231.34	
1231.34	
1231.36	
1231.37	
1231.37	
1231.39	
1231.4	
1231.41	
1231.41	
1231.43	
1231.44	
1231.44	
1231.46	
1231.47	
1231.48	
1231.48	
1231.5	
1231.51	
1231.51	
1231.53	
1231.54	
1231.55	
1231.55	
1231.57	
1231.57	
1231.59	
1231.6	
1231.61	
1231.62	
1231.62	
1231.64	
1231.65	
1231.65	
1231.67	
1231.68	
1231.69	
1231.69	
1231.71	
1231.72	
1231.72	
1231.74	
1231.75	
1231.76	
1231.76	
1231.78	
1231.79	
1231.79	
1231.81	
1231.82	
1231.83	
1231.83	
1231.85	
1231.86	
1231.86	
1231.88	
1231.89	
1231.9	
1231.9	
1231.92	
1231.92	
1231.94	
1231.95	
1231.96	
1231.97	
1231.97	
1231.99	
1232	
1232	
1232.02	
1232.03	
1232.04	
1232.04	
1232.06	
1232.07	
1232.07	
1232.09	
1232.1	
1232.11	
1232.11	
1232.13	
1232.14	
1232.14	
1232.16	
1232.17	
1232.18	
1232.18	
1232.2	
1232.21	
1232.21	
1232.23	
1232.24	
1232.25	
1232.25	
1232.27	
1232.28	
1232.28	
1232.3	
1232.31	
1232.32	
1232.32	
1232.34	
1232.35	
1232.35	
1232.37	
1232.38	
1232.39	
1232.39	
1232.41	
1232.42	
1232.42	
1232.44	
1232.45	
1232.46	
1232.46	
1232.48	
1232.49	
1232.49	
1232.51	
1232.52	
1232.53	
1232.53	
1232.55	
1232.56	
1232.56	
1232.58	
1232.59	
1232.59	
1232.61	
1232.62	
1232.63	
1232.63	
1232.65	
1232.66	
1232.67	
1232.67	
1232.69	
1232.7	
1232.7	
1232.72	
1232.73	
1232.74	
1232.74	
1232.76	
1232.77	
1232.77	
1232.79	
1232.8	
1232.81	
1232.81	
1232.83	
1232.84	
1232.84	
1232.86	
1232.87	
1232.88	
1232.88	
1232.9	
1232.91	
1232.91	
1232.93	
1232.94	
1232.95	
1232.95	
1232.97	
1232.98	
1232.98	
1233	
1233.01	
1233.02	
1233.02	
1233.04	
1233.05	
1233.05	
1233.07	
1233.08	
1233.09	
1233.09	
1233.11	
1233.12	
1233.12	
1233.14	
1233.15	
1233.16	
1233.16	
1233.18	
1233.19	
1233.19	
1233.21	
1233.22	
1233.23	
1233.23	
1233.25	
1233.26	
1233.26	
1233.28	
1233.29	
1233.3	
1233.3	
1233.32	
1233.33	
1233.33	
1233.35	
1233.36	
1233.37	
1233.37	
1233.39	
1233.4	
1233.4	
1233.42	
1233.43	
1233.44	
1233.44	
1233.46	
1233.47	
1233.47	
1233.49	
1233.5	
1233.51	
1233.51	
1233.53	
1233.54	
1233.54	
1233.56	
1233.57	
1233.58	
1233.58	
1233.6	
1233.61	
1233.61	
1233.63	
1233.64	
1233.65	
1233.65	
1233.67	
1233.68	
1233.68	
1233.7	
1233.71	
1233.72	
1233.72	
1233.74	
1233.75	
1233.75	
1233.75	
1233.78	
1233.79	
1233.79	
1233.81	
1233.82	
1233.82	
1233.84	
1233.85	
1233.85	
1233.87	
1233.88	
1233.89	
1233.89	
1233.91	
1233.92	
1233.93	
1233.93	
1233.95	
1233.96	
1233.96	
1233.98	
1233.99	
1234	
1234	
1234.02	
1234.03	
1234.03	
1234.05	
1234.06	
1234.07	
1234.07	
1234.09	
1234.1	
1234.1	
1234.12	
1234.13	
1234.14	
1234.14	
1234.16	
1234.17	
1234.17	
1234.19	
1234.2	
1234.21	
1234.21	
1234.23	
1234.24	
1234.24	
1234.26	
1234.27	
1234.28	
1234.28	
1234.3	
1234.31	
1234.31	
1234.33	
1234.34	
1234.35	
1234.35	
1234.37	
1234.38	
1234.38	
1234.4	
1234.41	
1234.42	
1234.42	
1234.44	
1234.45	
1234.45	
1234.47	
1234.48	
1234.49	
1234.49	
1234.51	
1234.52	
1234.52	
1234.54	
1234.55	
1234.56	
1234.56	
1234.58	
1234.59	
1234.59	
1234.61	
1234.62	
1234.63	
1234.63	
1234.65	
1234.66	
1234.66	
1234.68	
1234.69	
1234.7	
1234.7	
1234.72	
1234.73	
1234.73	
1234.75	
1234.76	
1234.77	
1234.77	
1234.79	
1234.8	
1234.8	
1234.82	
1234.83	
1234.84	
1234.84	
1234.86	
1234.87	
1234.87	
1234.89	
1234.9	
1234.91	
1234.91	
1234.93	
1234.94	
1234.94	
1234.96	
1234.97	
1234.98	
1234.98	
1235	
1235.01	
1235.01	
1235.03	
1235.04	
1235.05	
1235.05	
1235.07	
1235.08	
1235.08	
1235.1	
1235.11	
1235.12	
1235.12	
1235.14	
1235.15	
1235.15	
1235.17	
1235.18	
1235.19	
1235.19	
1235.21	
1235.22	
1235.22	
1235.24	
1235.25	
1235.26	
1235.26	
1235.28	
1235.29	
1235.29	
1235.31	
1235.32	
1235.33	
1235.33	
1235.35	
1235.36	
1235.36	
1235.38	
1235.39	
1235.4	
1235.4	
1235.42	
1235.43	
1235.43	
1235.45	
1235.46	
1235.47	
1235.47	
1235.49	
1235.5	
1235.5	
1235.52	
1235.53	
1235.54	
1235.54	
1235.56	
1235.57	
1235.57	
1235.59	
1235.6	
1235.61	
1235.61	
1235.63	
1235.64	
1235.64	
1235.66	
1235.67	
1235.68	
1235.68	
1235.7	
1235.71	
1235.71	
1235.73	
1235.74	
1235.75	
1235.75	
1235.77	
1235.78	
1235.78	
1235.8	
1235.81	
1235.82	
1235.82	
1235.84	
1235.85	
1235.85	
1235.87	
1235.88	
1235.89	
1235.89	
1235.91	
1235.92	
1235.92	
1235.94	
1235.95	
1235.96	
1235.96	
1235.98	
1235.99	
1235.99	
1236.01	
1236.02	
1236.03	
1236.03	
1236.05	
1236.06	
1236.06	
1236.08	
1236.09	
1236.1	
1236.1	
1236.12	
1236.13	
1236.13	
1236.15	
1236.16	
1236.17	
1236.17	
1236.19	
1236.2	
1236.2	
1236.22	
1236.23	
1236.24	
1236.24	
1236.26	
1236.27	
1236.27	
1236.29	
1236.3	
1236.31	
1236.31	
1236.33	
1236.34	
1236.34	
1236.36	
1236.37	
1236.38	
1236.38	
1236.4	
1236.41	
1236.41	
1236.43	
1236.44	
1236.45	
1236.45	
1236.47	
1236.48	
1236.48	
1236.5	
1236.51	
1236.52	
1236.52	
1236.54	
1236.55	
1236.55	
1236.57	
1236.58	
1236.59	
1236.59	
1236.61	
1236.62	
1236.62	
1236.64	
1236.65	
1236.66	
1236.66	
1236.68	
1236.69	
1236.69	
1236.71	
1236.72	
1236.73	
1236.73	
1236.75	
1236.76	
1236.76	
1236.78	
1236.79	
1236.8	
1236.8	
1236.82	
1236.83	
1236.83	
1236.85	
1236.86	
1236.87	
1236.87	
1236.89	
1236.9	
1236.9	
1236.92	
1236.93	
1236.94	
1236.94	
1236.96	
1236.97	
1236.97	
1236.99	
1237	
1237.01	
1237.01	
1237.03	
1237.04	
1237.04	
1237.06	
1237.07	
1237.08	
1237.08	
1237.1	
1237.11	
1237.11	
1237.13	
1237.14	
1237.15	
1237.15	
1237.17	
1237.18	
1237.2	
1237.2	
1237.21	
1237.22	
1237.22	
1237.24	
1237.25	
1237.25	
1237.27	
1237.28	
1237.29	
1237.29	
1237.31	
1237.32	
1237.32	
1237.34	
1237.35	
1237.36	
1237.36	
1237.38	
1237.39	
1237.39	
1237.41	
1237.42	
1237.43	
1237.43	
1237.45	
1237.46	
1237.46	
1237.48	
1237.49	
1237.5	
1237.5	
1237.52	
1237.53	
1237.53	
1237.55	
1237.56	
1237.57	
1237.57	
1237.59	
1237.6	
1237.6	
1237.62	
1237.63	
1237.64	
1237.64	
1237.66	
1237.67	
1237.67	
1237.69	
1237.7	
1237.71	
1237.71	
1237.73	
1237.74	
1237.74	
1237.76	
1237.77	
1237.78	
1237.78	
1237.8	
1237.81	
1237.81	
1237.83	
1237.84	
1237.85	
1237.85	
1237.87	
1237.88	
1237.88	
