time	
3414.69	
3414.7	
3414.71	
3414.73	
3414.73	
3414.74	
3414.76	
3414.76	
3414.77	
3414.78	
3414.8	
3414.8	
3414.81	
3414.83	
3414.83	
3414.84	
3414.85	
3414.87	
3414.87	
3414.88	
3414.9	
3414.9	
3414.91	
3414.92	
3414.94	
3414.94	
3414.95	
3414.97	
3414.97	
3414.98	
3414.99	
3415.01	
3415.01	
3415.02	
3415.04	
3415.04	
3415.05	
3415.06	
3415.08	
3415.08	
3415.09	
3415.11	
3415.11	
3415.12	
3415.13	
3415.15	
3415.15	
3415.16	
3415.18	
3415.18	
3415.19	
3415.2	
3415.22	
3415.22	
3415.23	
3415.25	
3415.25	
3415.26	
3415.27	
3415.29	
3415.29	
3415.3	
3415.32	
3415.32	
3415.33	
3415.34	
3415.36	
3415.36	
3415.37	
3415.39	
3415.39	
3415.4	
3415.41	
3415.43	
3415.43	
3415.44	
3415.46	
3415.46	
3415.47	
3415.48	
3415.5	
3415.5	
3415.51	
3415.53	
3415.53	
3415.54	
3415.55	
3415.57	
3415.57	
3415.58	
3415.6	
3415.6	
3415.61	
3415.62	
3415.64	
3415.64	
3415.65	
3415.67	
3415.67	
3415.68	
3415.69	
3415.71	
3415.71	
3415.72	
3415.74	
3415.74	
3415.75	
3415.76	
3415.78	
3415.78	
3415.79	
3415.81	
3415.81	
3415.82	
3415.83	
3415.85	
3415.85	
3415.86	
3415.88	
3415.88	
3415.89	
3415.89	
3415.92	
3415.92	
3415.93	
3415.95	
3415.95	
3415.96	
3415.97	
3415.99	
3415.99	
3416	
3416.02	
3416.02	
3416.02	
3416.05	
3416.06	
3416.06	
3416.07	
3416.09	
3416.09	
3416.1	
3416.11	
3416.13	
3416.13	
3416.14	
3416.16	
3416.16	
3416.17	
3416.18	
3416.2	
3416.2	
3416.21	
3416.23	
3416.23	
3416.24	
3416.25	
3416.27	
3416.27	
3416.28	
3416.3	
3416.3	
3416.31	
3416.32	
3416.34	
3416.34	
3416.36	
3416.37	
3416.37	
3416.38	
3416.39	
3416.41	
3416.41	
3416.42	
3416.44	
3416.44	
3416.45	
3416.46	
3416.48	
3416.48	
3416.49	
3416.51	
3416.51	
3416.52	
3416.53	
3416.55	
3416.55	
3416.56	
3416.58	
3416.58	
3416.59	
3416.6	
3416.62	
3416.62	
3416.63	
3416.65	
3416.65	
3416.66	
3416.67	
3416.69	
3416.69	
3416.71	
3416.72	
3416.72	
3416.73	
3416.74	
3416.76	
3416.76	
3416.77	
3416.79	
3416.79	
3416.8	
3416.81	
3416.83	
3416.83	
3416.84	
3416.86	
3416.86	
3416.87	
3416.88	
3416.9	
3416.9	
3416.91	
3416.93	
3416.93	
3416.94	
3416.95	
3416.97	
3416.97	
3416.98	
3417	
3417	
3417.01	
3417.02	
3417.04	
3417.04	
3417.05	
3417.07	
3417.07	
3417.08	
3417.09	
3417.11	
3417.11	
3417.12	
3417.14	
3417.14	
3417.15	
3417.16	
3417.18	
3417.18	
3417.19	
3417.21	
3417.22	
3417.22	
3417.23	
3417.25	
3417.25	
3417.26	
3417.28	
3417.28	
3417.29	
3417.3	
3417.32	
3417.32	
3417.33	
3417.35	
3417.35	
3417.36	
3417.37	
3417.39	
3417.39	
3417.4	
3417.42	
3417.42	
3417.43	
3417.44	
3417.46	
3417.46	
3417.47	
3417.49	
3417.49	
3417.5	
3417.51	
3417.53	
3417.53	
3417.54	
3417.56	
3417.56	
3417.57	
3417.58	
3417.6	
3417.6	
3417.61	
3417.63	
3417.63	
3417.64	
3417.65	
3417.67	
3417.67	
3417.68	
3417.7	
3417.71	
3417.71	
3417.72	
3417.74	
3417.74	
3417.75	
3417.77	
3417.77	
3417.78	
3417.79	
3417.81	
3417.81	
3417.82	
3417.84	
3417.85	
3417.85	
3417.86	
3417.88	
3417.88	
3417.89	
3417.91	
3417.91	
3417.92	
3417.93	
3417.95	
3417.95	
3417.96	
3417.98	
3417.98	
3417.99	
3418	
3418.02	
3418.02	
3418.03	
3418.05	
3418.05	
3418.06	
3418.07	
3418.09	
3418.09	
3418.1	
3418.12	
3418.12	
3418.13	
3418.14	
3418.16	
3418.16	
3418.17	
3418.19	
3418.19	
3418.2	
3418.21	
3418.23	
3418.23	
3418.24	
3418.26	
3418.26	
3418.27	
3418.28	
3418.3	
3418.3	
3418.31	
3418.33	
3418.33	
3418.34	
3418.35	
3418.37	
3418.37	
3418.38	
3418.4	
3418.4	
3418.41	
3418.42	
3418.44	
3418.44	
3418.45	
3418.47	
3418.47	
3418.48	
3418.49	
3418.51	
3418.51	
3418.52	
3418.54	
3418.54	
3418.55	
3418.56	
3418.58	
3418.58	
3418.59	
3418.61	
3418.61	
3418.62	
3418.63	
3418.63	
3418.65	
3418.66	
3418.68	
3418.68	
3418.69	
3418.7	
3418.72	
3418.72	
3418.73	
3418.75	
3418.75	
3418.76	
3418.78	
3418.79	
3418.79	
3418.8	
3418.82	
3418.82	
3418.83	
3418.84	
3418.86	
3418.86	
3418.87	
3418.89	
3418.89	
3418.9	
3418.91	
3418.93	
3418.93	
3418.94	
3418.96	
3418.96	
3418.97	
3418.98	
3419	
3419	
3419.01	
3419.03	
3419.03	
3419.04	
3419.05	
3419.07	
3419.07	
3419.08	
3419.1	
3419.1	
3419.11	
3419.12	
3419.14	
3419.14	
3419.15	
3419.17	
3419.17	
3419.18	
3419.19	
3419.21	
3419.21	
3419.22	
3419.24	
3419.24	
3419.25	
3419.26	
3419.28	
3419.28	
3419.29	
3419.31	
3419.31	
3419.32	
3419.33	
3419.35	
3419.35	
3419.36	
3419.38	
3419.38	
3419.39	
3419.4	
3419.42	
3419.42	
3419.43	
3419.45	
3419.45	
3419.46	
3419.47	
3419.49	
3419.49	
3419.5	
3419.52	
3419.52	
3419.53	
3419.54	
3419.56	
3419.56	
3419.57	
3419.59	
3419.59	
3419.6	
3419.61	
3419.63	
3419.63	
3419.64	
3419.66	
3419.66	
3419.67	
3419.68	
3419.7	
3419.7	
3419.71	
3419.73	
3419.73	
3419.74	
3419.75	
3419.77	
3419.77	
3419.78	
3419.8	
3419.8	
3419.82	
3419.83	
3419.84	
3419.84	
3419.85	
3419.87	
3419.87	
3419.88	
3419.9	
3419.91	
3419.91	
3419.92	
3419.94	
3419.94	
3419.95	
3419.96	
3419.98	
3419.98	
3419.99	
3420.01	
3420.01	
3420.02	
3420.03	
3420.05	
3420.05	
3420.06	
3420.08	
3420.08	
3420.09	
3420.1	
3420.12	
3420.12	
3420.13	
3420.15	
3420.15	
3420.16	
3420.17	
3420.19	
3420.19	
3420.2	
3420.22	
3420.22	
3420.23	
3420.24	
3420.26	
3420.26	
3420.27	
3420.29	
3420.29	
3420.3	
3420.31	
3420.33	
3420.33	
3420.34	
3420.36	
3420.36	
3420.37	
3420.38	
3420.4	
3420.4	
3420.41	
3420.43	
3420.43	
3420.44	
3420.45	
3420.47	
3420.47	
3420.48	
3420.5	
3420.5	
3420.51	
3420.52	
3420.54	
3420.54	
3420.55	
3420.57	
3420.57	
3420.58	
3420.59	
3420.61	
3420.61	
3420.62	
3420.64	
3420.64	
3420.65	
3420.66	
3420.68	
3420.68	
3420.69	
3420.71	
3420.71	
3420.72	
3420.73	
3420.75	
3420.75	
3420.76	
3420.78	
3420.78	
3420.79	
3420.8	
3420.82	
3420.82	
3420.83	
3420.85	
3420.85	
3420.86	
3420.87	
3420.89	
3420.89	
3420.9	
3420.92	
3420.92	
3420.93	
3420.94	
3420.96	
3420.96	
3420.97	
3420.99	
3420.99	
3421	
3421.01	
3421.03	
3421.03	
3421.04	
3421.06	
3421.06	
3421.07	
3421.08	
3421.1	
3421.1	
3421.11	
3421.13	
3421.13	
3421.14	
3421.15	
3421.17	
3421.17	
3421.18	
3421.2	
3421.2	
3421.22	
3421.22	
3421.24	
3421.24	
3421.25	
3421.27	
3421.27	
3421.28	
3421.29	
3421.31	
3421.31	
3421.32	
3421.34	
3421.34	
3421.35	
3421.36	
3421.38	
3421.38	
3421.39	
3421.41	
3421.41	
3421.42	
3421.43	
3421.45	
3421.45	
3421.46	
3421.48	
3421.48	
3421.49	
3421.5	
3421.52	
3421.52	
3421.53	
3421.55	
3421.55	
3421.56	
3421.57	
3421.59	
3421.59	
3421.6	
3421.62	
3421.62	
3421.63	
3421.64	
3421.66	
3421.66	
3421.67	
3421.69	
3421.69	
3421.7	
3421.71	
3421.73	
3421.73	
3421.74	
3421.76	
3421.76	
3421.77	
3421.78	
3421.8	
3421.8	
3421.81	
3421.83	
3421.83	
3421.84	
3421.85	
3421.87	
3421.87	
3421.88	
3421.9	
3421.9	
