time	
4124.26	
4124.28	
4124.29	
4124.29	
4124.3	
4124.32	
4124.32	
4124.33	
4124.35	
4124.36	
4124.36	
4124.37	
4124.39	
4124.39	
4124.4	
4124.42	
4124.43	
4124.43	
4124.44	
4124.46	
4124.46	
4124.47	
4124.49	
4124.5	
4124.5	
4124.51	
4124.53	
4124.53	
4124.54	
4124.56	
4124.57	
4124.57	
4124.58	
4124.6	
4124.6	
4124.61	
4124.62	
4124.64	
4124.64	
4124.65	
4124.67	
4124.67	
4124.68	
4124.7	
4124.71	
4124.71	
4124.72	
4124.74	
4124.74	
4124.75	
4124.77	
4124.78	
4124.78	
4124.79	
4124.81	
4124.81	
4124.82	
4124.83	
4124.85	
4124.85	
4124.86	
4124.88	
4124.88	
4124.89	
4124.91	
4124.92	
4124.92	
4124.93	
4124.95	
4124.95	
4124.96	
4124.98	
4124.99	
4124.99	
4125	
4125.02	
4125.02	
4125.03	
4125.05	
4125.06	
4125.06	
4125.07	
4125.09	
4125.09	
4125.1	
4125.12	
4125.13	
4125.13	
4125.14	
4125.16	
4125.16	
4125.17	
4125.19	
4125.2	
4125.2	
4125.21	
4125.23	
4125.23	
4125.24	
4125.26	
4125.27	
4125.27	
4125.28	
4125.3	
4125.3	
4125.31	
4125.33	
4125.34	
4125.34	
4125.35	
4125.37	
4125.37	
4125.38	
4125.4	
4125.41	
4125.41	
4125.42	
4125.44	
4125.44	
4125.45	
4125.47	
4125.48	
4125.48	
4125.49	
4125.51	
4125.51	
4125.52	
4125.54	
4125.55	
4125.55	
4125.56	
4125.58	
4125.58	
4125.59	
4125.6	
4125.62	
4125.62	
4125.63	
4125.65	
4125.65	
4125.66	
4125.68	
4125.69	
4125.69	
4125.7	
4125.72	
4125.72	
4125.73	
4125.75	
4125.76	
4125.76	
4125.77	
4125.79	
4125.79	
4125.8	
4125.82	
4125.83	
4125.83	
4125.84	
4125.86	
4125.86	
4125.87	
4125.89	
4125.9	
4125.9	
4125.91	
4125.93	
4125.93	
4125.94	
4125.96	
4125.97	
4125.97	
4125.98	
4126	
4126	
4126.01	
4126.03	
4126.04	
4126.04	
4126.05	
4126.07	
4126.07	
4126.08	
4126.1	
4126.11	
4126.11	
4126.12	
4126.14	
4126.14	
4126.15	
4126.17	
4126.18	
4126.18	
4126.19	
4126.21	
4126.21	
4126.22	
4126.24	
4126.25	
4126.25	
4126.26	
4126.28	
4126.28	
4126.29	
4126.31	
4126.32	
4126.32	
4126.33	
4126.35	
4126.35	
4126.36	
4126.38	
4126.39	
4126.39	
4126.4	
4126.42	
4126.42	
4126.43	
4126.45	
4126.46	
4126.46	
4126.47	
4126.49	
4126.49	
4126.5	
4126.52	
4126.53	
4126.53	
4126.54	
4126.56	
4126.56	
4126.57	
4126.58	
4126.6	
4126.6	
4126.61	
4126.63	
4126.63	
4126.64	
4126.66	
4126.67	
4126.67	
4126.68	
4126.7	
4126.7	
4126.71	
4126.73	
4126.74	
4126.74	
4126.75	
4126.77	
4126.77	
4126.78	
4126.8	
4126.81	
4126.81	
4126.82	
4126.84	
4126.84	
4126.85	
4126.87	
4126.88	
4126.88	
4126.89	
4126.91	
4126.91	
4126.92	
4126.94	
4126.95	
4126.95	
4126.96	
4126.98	
4126.98	
4126.99	
4127.01	
4127.02	
4127.02	
4127.03	
4127.05	
4127.05	
4127.06	
4127.08	
4127.09	
4127.09	
4127.1	
4127.12	
4127.12	
4127.13	
4127.15	
4127.16	
4127.16	
4127.17	
4127.19	
4127.19	
4127.2	
4127.22	
4127.23	
4127.23	
4127.24	
4127.26	
4127.26	
4127.27	
4127.29	
4127.3	
4127.3	
4127.31	
4127.33	
4127.33	
4127.34	
4127.35	
4127.37	
4127.37	
4127.38	
4127.4	
4127.4	
4127.41	
4127.43	
4127.44	
4127.44	
4127.45	
4127.47	
4127.47	
4127.48	
4127.5	
4127.51	
4127.51	
4127.52	
4127.54	
4127.54	
4127.55	
4127.57	
4127.58	
4127.58	
4127.59	
4127.61	
4127.61	
4127.62	
4127.64	
4127.65	
4127.65	
4127.66	
4127.68	
4127.68	
4127.69	
4127.71	
4127.72	
4127.72	
4127.73	
4127.75	
4127.75	
4127.76	
4127.78	
4127.79	
4127.79	
4127.8	
4127.82	
4127.82	
4127.83	
4127.85	
4127.86	
4127.86	
4127.87	
4127.89	
4127.89	
4127.9	
4127.92	
4127.93	
4127.93	
4127.94	
4127.96	
4127.96	
4127.97	
4127.99	
4128	
4128	
4128.01	
4128.03	
4128.03	
4128.04	
4128.06	
4128.07	
4128.07	
4128.08	
4128.1	
4128.1	
4128.11	
4128.12	
4128.14	
4128.14	
4128.15	
4128.17	
4128.17	
4128.18	
4128.2	
4128.21	
4128.21	
4128.22	
4128.24	
4128.24	
4128.25	
4128.27	
4128.28	
4128.28	
4128.29	
4128.31	
4128.31	
4128.32	
4128.33	
4128.35	
4128.35	
4128.36	
4128.38	
4128.38	
4128.39	
4128.41	
4128.42	
4128.42	
4128.43	
4128.45	
4128.45	
4128.46	
4128.48	
4128.49	
4128.49	
4128.5	
4128.52	
4128.52	
4128.53	
4128.55	
4128.56	
4128.56	
4128.57	
4128.59	
4128.59	
4128.6	
4128.62	
4128.63	
4128.63	
4128.64	
4128.66	
4128.66	
4128.67	
4128.69	
4128.7	
4128.7	
4128.71	
4128.73	
4128.73	
4128.74	
4128.76	
4128.77	
4128.77	
4128.78	
4128.8	
4128.8	
4128.81	
4128.83	
4128.84	
4128.84	
4128.85	
4128.87	
4128.87	
4128.87	
4128.9	
4128.91	
4128.91	
4128.93	
4128.94	
4128.94	
4128.95	
4128.97	
4128.97	
4128.98	
4128.99	
4129.01	
4129.02	
4129.02	
4129.04	
4129.05	
4129.05	
4129.06	
4129.08	
4129.08	
4129.09	
4129.1	
4129.12	
4129.12	
4129.13	
4129.15	
4129.15	
4129.16	
4129.18	
4129.19	
4129.19	
4129.2	
4129.22	
4129.22	
4129.23	
4129.25	
4129.26	
4129.26	
4129.27	
4129.29	
4129.29	
4129.3	
4129.32	
4129.33	
4129.33	
4129.34	
4129.36	
4129.36	
4129.37	
4129.39	
4129.4	
4129.4	
4129.41	
4129.43	
4129.43	
4129.44	
4129.46	
4129.47	
4129.47	
4129.48	
4129.5	
4129.5	
4129.51	
4129.53	
4129.54	
4129.54	
4129.55	
4129.57	
4129.57	
4129.58	
4129.6	
4129.61	
4129.61	
4129.62	
4129.64	
4129.64	
4129.65	
4129.67	
4129.68	
4129.68	
4129.69	
4129.71	
4129.71	
4129.72	
4129.74	
4129.75	
4129.75	
4129.76	
4129.78	
4129.78	
4129.79	
4129.81	
4129.81	
4129.83	
4129.83	
4129.85	
4129.85	
4129.86	
4129.88	
4129.89	
4129.89	
4129.9	
4129.92	
4129.92	
4129.93	
4129.95	
4129.96	
4129.96	
4129.97	
4129.99	
4129.99	
4130	
4130.02	
4130.03	
4130.03	
4130.04	
4130.06	
4130.06	
4130.07	
4130.08	
4130.1	
4130.1	
4130.11	
4130.13	
4130.13	
4130.14	
4130.16	
4130.17	
4130.17	
4130.18	
4130.2	
4130.2	
4130.21	
4130.23	
4130.24	
4130.24	
4130.25	
4130.27	
4130.27	
4130.28	
4130.3	
4130.31	
4130.31	
4130.32	
4130.34	
4130.34	
4130.35	
4130.37	
4130.38	
4130.38	
4130.39	
4130.41	
4130.41	
4130.42	
4130.44	
4130.45	
4130.45	
4130.46	
4130.48	
4130.48	
4130.49	
4130.51	
4130.52	
4130.52	
4130.53	
4130.55	
4130.55	
4130.56	
4130.58	
4130.59	
4130.59	
4130.6	
4130.62	
4130.62	
4130.63	
4130.65	
4130.66	
4130.66	
4130.67	
4130.69	
4130.69	
4130.7	
4130.72	
4130.73	
4130.73	
4130.74	
4130.76	
4130.76	
4130.77	
4130.79	
4130.8	
4130.8	
4130.81	
4130.83	
4130.83	
4130.84	
4130.85	
4130.87	
4130.87	
4130.88	
4130.9	
4130.9	
4130.91	
4130.93	
4130.94	
4130.94	
4130.95	
4130.97	
4130.97	
4130.98	
4131	
4131.01	
4131.01	
4131.02	
4131.04	
4131.04	
4131.05	
4131.07	
4131.08	
4131.08	
4131.09	
4131.11	
4131.11	
4131.12	
4131.14	
4131.15	
4131.15	
4131.16	
4131.18	
4131.18	
4131.19	
4131.21	
4131.22	
4131.22	
4131.23	
4131.25	
4131.25	
4131.26	
4131.28	
4131.29	
4131.29	
4131.3	
4131.32	
4131.32	
4131.33	
4131.35	
4131.36	
4131.36	
4131.37	
4131.39	
4131.39	
4131.4	
4131.42	
4131.43	
4131.43	
4131.44	
4131.46	
4131.46	
4131.47	
4131.49	
4131.5	
