time	
4945.71	
4945.73	
4945.73	
4945.74	
4945.75	
4945.75	
4945.77	
4945.78	
4945.8	
4945.8	
4945.81	
4945.82	
4945.84	
4945.84	
4945.85	
4945.87	
4945.87	
4945.88	
4945.89	
4945.89	
4945.91	
4945.92	
4945.94	
4945.94	
4945.95	
4945.96	
4945.96	
4945.98	
4945.99	
4946.01	
4946.01	
4946.02	
4946.03	
4946.03	
4946.05	
4946.06	
4946.08	
4946.08	
4946.09	
4946.1	
4946.12	
4946.12	
4946.13	
4946.15	
4946.15	
4946.16	
4946.17	
4946.17	
4946.19	
4946.2	
4946.22	
4946.22	
4946.23	
4946.24	
4946.24	
4946.26	
4946.27	
4946.29	
4946.29	
4946.3	
4946.31	
4946.31	
4946.33	
4946.34	
4946.35	
4946.35	
4946.37	
4946.38	
4946.38	
4946.4	
4946.41	
4946.43	
4946.43	
4946.44	
4946.45	
4946.45	
4946.47	
4946.48	
4946.5	
4946.5	
4946.51	
4946.52	
4946.54	
4946.54	
4946.55	
4946.57	
4946.57	
4946.58	
4946.59	
4946.59	
4946.61	
4946.62	
4946.64	
4946.64	
4946.65	
4946.66	
4946.66	
4946.68	
4946.69	
4946.71	
4946.71	
4946.72	
4946.73	
4946.75	
4946.75	
4946.76	
4946.78	
4946.78	
4946.79	
4946.8	
4946.82	
4946.82	
4946.83	
4946.83	
4946.85	
4946.86	
4946.87	
4946.87	
4946.89	
4946.9	
4946.92	
4946.92	
4946.93	
4946.95	
4946.95	
4946.96	
4946.97	
4946.99	
4946.99	
4947	
4947.01	
4947.03	
4947.03	
4947.04	
4947.06	
4947.06	
4947.07	
4947.08	
4947.08	
4947.1	
4947.11	
4947.13	
4947.13	
4947.14	
4947.15	
4947.15	
4947.17	
4947.18	
4947.2	
4947.2	
4947.21	
4947.22	
4947.22	
4947.24	
4947.25	
4947.27	
4947.27	
4947.28	
4947.29	
4947.29	
4947.31	
4947.32	
4947.33	
4947.33	
4947.35	
4947.36	
4947.36	
4947.38	
4947.39	
4947.41	
4947.41	
4947.42	
4947.43	
4947.45	
4947.45	
4947.46	
4947.46	
4947.48	
4947.49	
4947.5	
4947.5	
4947.52	
4947.53	
4947.55	
4947.55	
4947.56	
4947.57	
4947.57	
4947.59	
4947.6	
4947.6	
4947.62	
4947.63	
4947.64	
4947.64	
4947.66	
4947.67	
4947.69	
4947.69	
4947.7	
4947.71	
4947.71	
4947.73	
4947.74	
4947.76	
4947.76	
4947.77	
4947.78	
4947.78	
4947.8	
4947.81	
4947.81	
4947.83	
4947.84	
4947.85	
4947.85	
4947.87	
4947.88	
4947.9	
4947.9	
4947.91	
4947.92	
4947.92	
4947.94	
4947.95	
4947.97	
4947.97	
4947.98	
4947.99	
4947.99	
4948.01	
4948.02	
4948.04	
4948.04	
4948.05	
4948.06	
4948.06	
4948.08	
4948.09	
4948.1	
4948.1	
4948.12	
4948.13	
4948.13	
4948.15	
4948.15	
4948.18	
4948.18	
4948.19	
4948.2	
4948.22	
4948.22	
4948.23	
4948.25	
4948.25	
4948.26	
4948.27	
4948.29	
4948.29	
4948.3	
4948.32	
4948.32	
4948.33	
4948.34	
4948.34	
4948.36	
4948.37	
4948.39	
4948.39	
4948.4	
4948.41	
4948.41	
4948.43	
4948.44	
4948.46	
4948.46	
4948.47	
4948.48	
4948.48	
4948.5	
4948.51	
4948.53	
4948.53	
4948.54	
4948.55	
4948.57	
4948.57	
4948.58	
4948.6	
4948.6	
4948.61	
4948.62	
4948.62	
4948.64	
4948.65	
4948.67	
4948.67	
4948.68	
4948.69	
4948.69	
4948.71	
4948.72	
4948.74	
4948.74	
4948.75	
4948.76	
4948.76	
4948.78	
4948.79	
4948.81	
4948.81	
4948.82	
4948.83	
4948.85	
4948.85	
4948.86	
4948.88	
4948.88	
4948.89	
4948.9	
4948.9	
4948.92	
4948.93	
4948.95	
4948.95	
4948.96	
4948.97	
4948.97	
4948.99	
4949	
4949.02	
4949.02	
4949.03	
4949.04	
4949.04	
4949.06	
4949.07	
4949.08	
4949.1	
4949.1	
4949.11	
4949.11	
4949.13	
4949.14	
4949.16	
4949.16	
4949.17	
4949.18	
4949.18	
4949.2	
4949.21	
4949.23	
4949.23	
4949.24	
4949.25	
4949.27	
4949.27	
4949.28	
4949.3	
4949.3	
4949.31	
4949.32	
4949.32	
4949.34	
4949.35	
4949.37	
4949.37	
4949.38	
4949.39	
4949.39	
4949.41	
4949.42	
4949.44	
4949.44	
4949.45	
4949.46	
4949.46	
4949.48	
4949.49	
4949.51	
4949.51	
4949.52	
4949.53	
4949.53	
4949.55	
4949.56	
4949.58	
4949.58	
4949.59	
4949.6	
4949.6	
4949.62	
4949.63	
4949.65	
4949.65	
4949.66	
4949.67	
4949.67	
4949.69	
4949.7	
4949.72	
4949.72	
4949.73	
4949.74	
4949.74	
4949.76	
4949.77	
4949.79	
4949.79	
4949.8	
4949.81	
4949.83	
4949.83	
4949.84	
4949.85	
4949.85	
4949.87	
4949.88	
4949.88	
4949.9	
4949.91	
4949.93	
4949.93	
4949.94	
4949.95	
4949.95	
4949.97	
4949.98	
4950	
4950	
4950.02	
4950.02	
4950.02	
4950.04	
4950.05	
4950.07	
4950.07	
4950.08	
4950.09	
4950.09	
4950.11	
4950.12	
4950.14	
4950.14	
4950.15	
4950.16	
4950.16	
4950.18	
4950.19	
4950.21	
4950.21	
4950.22	
4950.23	
4950.23	
4950.25	
4950.26	
4950.28	
4950.28	
4950.29	
4950.3	
4950.3	
4950.32	
4950.33	
4950.35	
4950.35	
4950.36	
4950.37	
4950.37	
4950.39	
4950.4	
4950.42	
4950.42	
4950.43	
4950.44	
4950.46	
4950.46	
4950.47	
4950.49	
4950.49	
4950.5	
4950.51	
4950.51	
4950.53	
4950.54	
4950.56	
4950.56	
4950.57	
4950.58	
4950.58	
4950.6	
4950.61	
4950.62	
4950.62	
4950.64	
4950.65	
4950.65	
4950.67	
4950.68	
4950.7	
4950.7	
4950.71	
4950.72	
4950.72	
4950.74	
4950.75	
4950.77	
4950.77	
4950.78	
4950.79	
4950.79	
4950.82	
4950.82	
4950.83	
4950.83	
4950.85	
4950.86	
4950.86	
4950.88	
4950.89	
4950.91	
4950.91	
4950.92	
4950.93	
4950.93	
4950.95	
4950.96	
4950.98	
4950.98	
4950.99	
4951	
4951	
4951.02	
4951.03	
4951.05	
4951.05	
4951.06	
4951.07	
4951.07	
4951.09	
4951.1	
4951.12	
4951.12	
4951.13	
4951.14	
4951.14	
4951.16	
4951.17	
4951.19	
4951.19	
4951.2	
4951.21	
4951.21	
4951.23	
4951.24	
4951.26	
4951.26	
4951.27	
4951.28	
4951.28	
4951.3	
4951.31	
4951.33	
4951.33	
4951.34	
4951.35	
4951.35	
4951.37	
4951.38	
4951.4	
4951.4	
4951.41	
4951.42	
4951.42	
4951.44	
4951.45	
4951.47	
4951.47	
4951.48	
4951.49	
4951.49	
4951.51	
4951.52	
4951.54	
4951.54	
4951.55	
4951.56	
4951.56	
4951.58	
4951.59	
4951.6	
4951.6	
4951.62	
4951.63	
4951.63	
4951.65	
4951.66	
4951.68	
4951.68	
4951.69	
4951.7	
4951.7	
4951.72	
4951.73	
4951.75	
4951.75	
4951.76	
4951.77	
4951.77	
4951.79	
4951.8	
4951.82	
4951.82	
4951.83	
4951.84	
4951.84	
4951.86	
4951.87	
4951.87	
4951.89	
4951.9	
4951.91	
4951.91	
4951.93	
4951.94	
4951.96	
4951.96	
4951.97	
4951.98	
4951.98	
4952	
4952.01	
4952.03	
4952.03	
4952.04	
4952.04	
4952.06	
4952.07	
4952.08	
4952.1	
4952.1	
4952.11	
4952.12	
4952.12	
4952.14	
4952.15	
4952.17	
4952.17	
4952.18	
4952.19	
4952.19	
4952.21	
4952.22	
4952.24	
4952.24	
4952.25	
4952.26	
4952.26	
4952.28	
4952.29	
4952.31	
4952.31	
4952.32	
4952.33	
4952.33	
4952.35	
4952.36	
4952.38	
4952.38	
4952.39	
4952.4	
4952.4	
4952.42	
4952.43	
4952.45	
4952.45	
4952.46	
4952.47	
4952.47	
4952.49	
4952.5	
4952.52	
4952.52	
4952.53	
4952.54	
4952.54	
4952.56	
4952.57	
4952.58	
4952.58	
4952.6	
4952.61	
4952.61	
4952.63	
4952.64	
4952.66	
4952.66	
4952.67	
4952.68	
4952.68	
4952.7	
4952.71	
4952.73	
4952.73	
4952.74	
4952.75	
4952.75	
4952.77	
4952.78	
4952.8	
4952.8	
4952.81	
4952.82	
4952.82	
4952.84	
4952.85	
4952.87	
4952.87	
4952.88	
4952.89	
4952.89	
4952.91	
4952.92	
4952.94	
4952.94	
4952.95	
4952.96	
4952.96	
4952.98	
4952.99	
4953.01	
4953.01	
4953.02	
4953.03	
4953.03	
4953.05	
4953.06	
4953.08	
4953.08	
4953.09	
4953.1	
4953.1	
4953.12	
4953.13	
4953.15	
4953.15	
4953.16	
4953.17	
4953.17	
4953.19	
4953.2	
4953.22	
4953.22	
4953.23	
4953.24	
4953.24	
4953.26	
4953.27	
4953.29	
4953.29	
4953.3	
4953.31	
4953.31	
4953.33	
4953.34	
4953.35	
4953.35	
4953.37	
4953.38	
4953.38	
4953.4	
4953.41	
4953.43	
4953.43	
4953.44	
4953.45	
4953.45	
4953.47	
4953.48	
4953.5	
4953.5	
4953.51	
4953.52	
4953.52	
