time	
910.789	
910.803	
910.817	
910.817	
910.831	
910.845	
910.845	
910.859	
910.873	
910.887	
910.887	
910.901	
910.915	
910.915	
910.929	
910.943	
910.957	
910.957	
910.971	
910.985	
910.985	
910.999	
911.013	
911.027	
911.027	
911.041	
911.055	
911.055	
911.069	
911.083	
911.097	
911.097	
911.111	
911.125	
911.125	
911.139	
911.153	
911.167	
911.167	
911.181	
911.195	
911.195	
911.209	
911.223	
911.237	
911.237	
911.251	
911.265	
911.265	
911.279	
911.293	
911.307	
911.307	
911.321	
911.336	
911.336	
911.349	
911.363	
911.377	
911.377	
911.391	
911.405	
911.405	
911.419	
911.433	
911.447	
911.447	
911.461	
911.475	
911.475	
911.489	
911.503	
911.517	
911.517	
911.531	
911.545	
911.545	
911.559	
911.573	
911.587	
911.587	
911.601	
911.615	
911.615	
911.629	
911.643	
911.657	
911.657	
911.671	
911.685	
911.685	
911.699	
911.713	
911.727	
911.727	
911.741	
911.755	
911.755	
911.769	
911.783	
911.797	
911.797	
911.811	
911.825	
911.825	
911.839	
911.853	
911.867	
911.867	
911.881	
911.895	
911.895	
911.909	
911.923	
911.937	
911.937	
911.951	
911.965	
911.965	
911.979	
911.993	
912.007	
912.007	
912.021	
912.035	
912.035	
912.049	
912.063	
912.077	
912.077	
912.091	
912.105	
912.105	
912.119	
912.133	
912.147	
912.147	
912.161	
912.175	
912.175	
912.189	
912.203	
912.217	
912.217	
912.231	
912.245	
912.245	
912.259	
912.273	
912.287	
912.287	
912.301	
912.315	
912.315	
912.329	
912.343	
912.357	
912.357	
912.371	
912.385	
912.385	
912.399	
912.413	
912.427	
912.427	
912.441	
912.455	
912.455	
912.469	
912.483	
912.497	
912.497	
912.511	
912.525	
912.525	
912.539	
912.553	
912.567	
912.567	
912.581	
912.595	
912.595	
912.609	
912.623	
912.637	
912.637	
912.651	
912.665	
912.665	
912.679	
912.693	
912.707	
912.707	
912.721	
912.735	
912.735	
912.749	
912.763	
912.777	
912.777	
912.791	
912.805	
912.805	
912.819	
912.833	
912.847	
912.847	
912.861	
912.875	
912.875	
912.889	
912.903	
912.917	
912.917	
912.931	
912.945	
912.945	
912.959	
912.973	
912.987	
912.987	
913.001	
913.015	
913.015	
913.029	
913.043	
913.057	
913.057	
913.071	
913.085	
913.085	
913.099	
913.113	
913.127	
913.127	
913.141	
913.155	
913.155	
913.169	
913.183	
913.197	
913.197	
913.211	
913.225	
913.225	
913.239	
913.253	
913.267	
913.267	
913.281	
913.295	
913.295	
913.309	
913.323	
913.337	
913.337	
913.351	
913.365	
913.365	
913.379	
913.393	
913.407	
913.407	
913.421	
913.435	
913.435	
913.449	
913.463	
913.478	
913.478	
913.491	
913.505	
913.505	
913.519	
913.534	
913.547	
913.547	
913.561	
913.575	
913.575	
913.589	
913.603	
913.617	
913.617	
913.631	
913.645	
913.645	
913.659	
913.673	
913.687	
913.687	
913.703	
913.703	
913.726	
913.729	
913.743	
913.743	
913.762	
913.776	
913.785	
913.785	
913.799	
913.813	
913.827	
913.827	
913.841	
913.857	
913.857	
913.869	
913.883	
913.897	
913.897	
913.911	
913.925	
913.925	
913.939	
913.953	
913.967	
913.967	
913.986	
913.995	
914.009	
914.009	
914.023	
914.037	
914.037	
914.051	
914.066	
914.066	
914.079	
914.093	
914.107	
914.107	
914.121	
914.138	
914.138	
914.149	
914.163	
914.177	
914.177	
914.191	
914.205	
914.205	
914.222	
914.233	
914.247	
914.247	
914.262	
914.275	
914.275	
914.289	
914.303	
914.317	
914.317	
914.331	
914.345	
914.345	
914.359	
914.373	
914.387	
914.387	
914.401	
914.415	
914.415	
914.429	
914.447	
914.457	
914.457	
914.472	
914.485	
914.485	
914.499	
914.513	
914.527	
914.527	
914.541	
914.555	
914.555	
914.569	
914.583	
914.597	
914.597	
914.611	
914.625	
914.625	
914.639	
914.653	
914.667	
914.667	
914.681	
914.695	
914.695	
914.709	
914.723	
914.737	
914.737	
914.751	
914.765	
914.765	
914.779	
914.793	
914.807	
914.807	
914.821	
914.835	
914.835	
914.849	
914.863	
914.877	
914.877	
914.891	
914.905	
914.905	
914.919	
914.933	
914.947	
914.947	
914.961	
914.975	
914.975	
914.989	
915.003	
915.017	
915.017	
915.031	
915.045	
915.045	
915.059	
915.073	
915.087	
915.087	
915.101	
915.115	
915.115	
915.129	
915.143	
915.157	
915.157	
915.171	
915.185	
915.185	
915.199	
915.213	
915.227	
915.227	
915.241	
915.255	
915.255	
915.269	
915.283	
915.297	
915.297	
915.311	
915.325	
915.325	
915.339	
915.353	
915.367	
915.367	
915.381	
915.395	
915.395	
915.409	
915.423	
915.437	
915.437	
915.451	
915.465	
915.465	
915.479	
915.493	
915.507	
915.507	
915.521	
915.535	
915.535	
915.549	
915.563	
915.577	
915.577	
915.591	
915.605	
915.605	
915.619	
915.633	
915.647	
915.647	
915.661	
915.675	
915.675	
915.689	
915.703	
915.717	
915.717	
915.731	
915.745	
915.745	
915.759	
915.773	
915.789	
915.789	
915.801	
915.815	
915.815	
915.829	
915.843	
915.857	
915.857	
915.872	
915.885	
915.885	
915.899	
915.913	
915.927	
915.927	
915.941	
915.955	
915.955	
915.969	
915.983	
915.997	
915.997	
916.011	
916.026	
916.026	
916.039	
916.053	
916.067	
916.067	
916.081	
916.095	
916.095	
916.109	
916.123	
916.137	
916.137	
916.151	
916.165	
916.165	
916.179	
916.198	
916.207	
916.207	
916.226	
916.235	
916.235	
916.249	
916.263	
916.279	
916.279	
916.291	
916.31	
916.31	
916.319	
916.333	
916.347	
916.347	
916.361	
916.375	
916.375	
916.389	
916.403	
916.417	
916.417	
916.431	
916.445	
916.445	
916.459	
916.474	
916.487	
916.487	
916.501	
916.515	
916.515	
916.529	
916.543	
916.559	
916.559	
916.571	
916.585	
916.585	
916.599	
916.613	
916.627	
916.627	
916.641	
916.658	
916.658	
916.669	
916.683	
916.697	
916.697	
916.711	
916.725	
916.725	
916.742	
916.753	
916.767	
916.767	
916.781	
916.795	
916.795	
916.809	
916.824	
916.837	
916.837	
916.851	
916.865	
916.865	
916.879	
916.893	
916.907	
916.907	
916.921	
916.935	
916.935	
916.949	
916.963	
916.977	
916.977	
916.991	
917.005	
917.005	
917.019	
917.033	
917.047	
917.047	
917.061	
917.075	
917.075	
917.089	
917.103	
917.117	
917.117	
917.131	
917.145	
917.145	
917.159	
917.173	
917.188	
917.188	
917.201	
917.215	
917.215	
917.229	
917.243	
917.257	
917.257	
917.271	
917.285	
917.285	
917.299	
917.313	
917.327	
917.327	
917.341	
917.355	
917.355	
917.369	
917.383	
917.397	
917.397	
917.411	
917.425	
917.425	
917.439	
917.453	
917.467	
917.467	
917.481	
917.495	
917.495	
917.509	
917.523	
917.537	
917.537	
917.551	
917.565	
917.565	
917.579	
917.594	
917.607	
917.607	
917.621	
917.635	
917.635	
917.649	
917.663	
917.677	
917.677	
917.691	
917.705	
917.705	
917.719	
917.733	
917.747	
917.747	
917.761	
917.775	
917.775	
917.789	
917.803	
917.817	
917.817	
917.831	
917.845	
917.845	
917.859	
917.873	
917.887	
917.887	
917.901	
917.915	
917.915	
917.929	
917.943	
917.957	
917.957	
917.971	
917.985	
917.985	
917.999	
918.013	
918.027	
918.027	
918.041	
918.055	
918.055	
918.069	
918.083	
918.097	
918.097	
918.111	
918.125	
918.125	
918.139	
918.153	
918.167	
918.167	
918.181	
918.195	
918.195	
918.209	
918.223	
918.237	
918.237	
918.251	
918.265	
918.265	
918.279	
918.293	
918.308	
918.308	
918.321	
918.335	
918.335	
918.349	
918.363	
918.377	
918.377	
918.391	
918.405	
918.405	
918.419	
918.433	
918.447	
918.447	
918.461	
918.475	
918.475	
918.489	
918.503	
918.517	
918.517	
918.531	
918.545	
918.545	
918.559	
918.573	
918.587	
918.587	
