time	
5071.21	
5071.22	
5071.24	
5071.24	
5071.25	
5071.26	
5071.28	
5071.28	
5071.29	
5071.31	
5071.31	
5071.32	
5071.33	
5071.35	
5071.35	
5071.36	
5071.38	
5071.38	
5071.39	
5071.4	
5071.42	
5071.42	
5071.43	
5071.45	
5071.45	
5071.46	
5071.47	
5071.49	
5071.49	
5071.5	
5071.52	
5071.52	
5071.53	
5071.54	
5071.54	
5071.56	
5071.57	
5071.58	
5071.58	
5071.6	
5071.61	
5071.63	
5071.63	
5071.64	
5071.66	
5071.66	
5071.67	
5071.68	
5071.7	
5071.7	
5071.71	
5071.73	
5071.73	
5071.74	
5071.75	
5071.77	
5071.77	
5071.78	
5071.8	
5071.8	
5071.81	
5071.82	
5071.82	
5071.84	
5071.85	
5071.87	
5071.87	
5071.88	
5071.89	
5071.91	
5071.91	
5071.92	
5071.94	
5071.94	
5071.95	
5071.96	
5071.98	
5071.98	
5071.99	
5072.01	
5072.01	
5072.02	
5072.03	
5072.05	
5072.05	
5072.06	
5072.08	
5072.08	
5072.09	
5072.1	
5072.12	
5072.12	
5072.13	
5072.15	
5072.15	
5072.16	
5072.17	
5072.19	
5072.19	
5072.2	
5072.22	
5072.22	
5072.23	
5072.24	
5072.26	
5072.26	
5072.27	
5072.29	
5072.29	
5072.3	
5072.3	
5072.33	
5072.33	
5072.34	
5072.35	
5072.35	
5072.37	
5072.38	
5072.4	
5072.4	
5072.41	
5072.43	
5072.43	
5072.44	
5072.45	
5072.47	
5072.47	
5072.48	
5072.5	
5072.5	
5072.51	
5072.53	
5072.54	
5072.54	
5072.55	
5072.57	
5072.57	
5072.58	
5072.59	
5072.61	
5072.61	
5072.62	
5072.64	
5072.64	
5072.65	
5072.67	
5072.68	
5072.68	
5072.69	
5072.71	
5072.71	
5072.72	
5072.73	
5072.75	
5072.75	
5072.76	
5072.78	
5072.78	
5072.79	
5072.8	
5072.82	
5072.82	
5072.83	
5072.85	
5072.85	
5072.86	
5072.87	
5072.89	
5072.89	
5072.9	
5072.92	
5072.92	
5072.93	
5072.94	
5072.96	
5072.96	
5072.97	
5072.99	
5072.99	
5073	
5073.01	
5073.01	
5073.03	
5073.04	
5073.04	
5073.06	
5073.07	
5073.08	
5073.1	
5073.1	
5073.11	
5073.12	
5073.12	
5073.14	
5073.15	
5073.15	
5073.17	
5073.18	
5073.2	
5073.2	
5073.21	
5073.21	
5073.24	
5073.24	
5073.25	
5073.27	
5073.27	
5073.28	
5073.29	
5073.31	
5073.31	
5073.32	
5073.33	
5073.33	
5073.35	
5073.36	
5073.38	
5073.38	
5073.38	
5073.41	
5073.41	
5073.42	
5073.43	
5073.45	
5073.45	
5073.46	
5073.48	
5073.48	
5073.49	
5073.5	
5073.52	
5073.52	
5073.53	
5073.55	
5073.55	
5073.56	
5073.57	
5073.59	
5073.59	
5073.6	
5073.62	
5073.62	
5073.63	
5073.64	
5073.66	
5073.66	
5073.67	
5073.69	
5073.69	
5073.7	
5073.71	
5073.73	
5073.73	
5073.74	
5073.76	
5073.76	
5073.77	
5073.77	
5073.8	
5073.8	
5073.82	
5073.83	
5073.83	
5073.84	
5073.85	
5073.87	
5073.87	
5073.88	
5073.9	
5073.9	
5073.91	
5073.92	
5073.94	
5073.94	
5073.95	
5073.97	
5073.97	
5073.98	
5073.99	
5074.01	
5074.01	
5074.02	
5074.04	
5074.04	
5074.05	
5074.06	
5074.08	
5074.08	
5074.09	
5074.1	
5074.1	
5074.12	
5074.13	
5074.15	
5074.15	
5074.16	
5074.18	
5074.18	
5074.19	
5074.2	
5074.22	
5074.22	
5074.23	
5074.25	
5074.25	
5074.26	
5074.27	
5074.29	
5074.29	
5074.3	
5074.32	
5074.32	
5074.33	
5074.34	
5074.34	
5074.34	
5074.37	
5074.39	
5074.39	
5074.4	
5074.41	
5074.41	
5074.43	
5074.45	
5074.46	
5074.46	
5074.47	
5074.48	
5074.5	
5074.5	
5074.51	
5074.51	
5074.53	
5074.54	
5074.55	
5074.57	
5074.57	
5074.58	
5074.6	
5074.6	
5074.61	
5074.62	
5074.62	
5074.64	
5074.65	
5074.67	
5074.67	
5074.68	
5074.7	
5074.71	
5074.71	
5074.72	
5074.74	
5074.74	
5074.75	
5074.76	
5074.78	
5074.78	
5074.79	
5074.81	
5074.81	
5074.82	
5074.83	
5074.85	
5074.85	
5074.86	
5074.88	
5074.88	
5074.89	
5074.9	
5074.92	
5074.92	
5074.93	
5074.95	
5074.95	
5074.96	
5074.97	
5074.99	
5074.99	
5075	
5075.02	
5075.02	
5075.03	
5075.04	
5075.04	
5075.06	
5075.07	
5075.09	
5075.09	
5075.1	
5075.11	
5075.13	
5075.13	
5075.14	
5075.16	
5075.16	
5075.17	
5075.18	
5075.2	
5075.2	
5075.21	
5075.23	
5075.23	
5075.24	
5075.25	
5075.27	
5075.27	
5075.28	
5075.3	
5075.3	
5075.31	
5075.32	
5075.34	
5075.34	
5075.35	
5075.37	
5075.37	
5075.38	
5075.4	
5075.41	
5075.41	
5075.42	
5075.44	
5075.44	
5075.45	
5075.46	
5075.48	
5075.48	
5075.49	
5075.51	
5075.51	
5075.52	
5075.53	
5075.55	
5075.55	
5075.56	
5075.58	
5075.58	
5075.59	
5075.6	
5075.6	
5075.62	
5075.63	
5075.65	
5075.65	
5075.66	
5075.67	
5075.69	
5075.69	
5075.7	
5075.72	
5075.72	
5075.73	
5075.74	
5075.76	
5075.76	
5075.77	
5075.79	
5075.79	
5075.8	
5075.82	
5075.82	
5075.83	
5075.84	
5075.85	
5075.85	
5075.87	
5075.88	
5075.9	
5075.9	
5075.91	
5075.93	
5075.93	
5075.94	
5075.95	
5075.97	
5075.97	
5075.98	
5076	
5076	
5076.01	
5076.02	
5076.04	
5076.04	
5076.05	
5076.07	
5076.07	
5076.08	
5076.09	
5076.11	
5076.11	
5076.12	
5076.14	
5076.14	
5076.15	
5076.16	
5076.18	
5076.18	
5076.19	
5076.21	
5076.21	
5076.22	
5076.23	
5076.25	
5076.25	
5076.26	
5076.28	
5076.28	
5076.29	
5076.3	
5076.32	
5076.32	
5076.33	
5076.35	
5076.35	
5076.36	
5076.37	
5076.39	
5076.39	
5076.4	
5076.42	
5076.42	
5076.43	
5076.44	
5076.46	
5076.46	
5076.47	
5076.49	
5076.49	
5076.5	
5076.51	
5076.53	
5076.53	
5076.54	
5076.56	
5076.56	
5076.57	
5076.58	
5076.6	
5076.6	
5076.61	
5076.62	
5076.62	
5076.64	
5076.65	
5076.67	
5076.67	
5076.69	
5076.7	
5076.7	
5076.71	
5076.72	
5076.74	
5076.74	
5076.75	
5076.77	
5076.78	
5076.78	
5076.79	
5076.81	
5076.81	
5076.82	
5076.83	
5076.83	
5076.85	
5076.86	
5076.88	
5076.88	
5076.89	
5076.91	
5076.91	
5076.92	
5076.93	
5076.95	
5076.95	
5076.96	
5076.98	
5076.98	
5076.99	
5077	
5077.02	
5077.02	
5077.03	
5077.05	
5077.05	
5077.06	
5077.07	
5077.09	
5077.09	
5077.1	
5077.12	
5077.12	
5077.13	
5077.14	
5077.16	
5077.16	
5077.17	
5077.19	
5077.19	
5077.2	
5077.21	
5077.23	
5077.23	
5077.24	
5077.26	
5077.26	
5077.27	
5077.28	
5077.3	
5077.3	
5077.31	
5077.33	
5077.33	
5077.34	
5077.35	
5077.37	
5077.37	
5077.38	
5077.4	
5077.4	
5077.41	
5077.42	
5077.44	
5077.44	
5077.45	
5077.47	
5077.48	
5077.48	
5077.49	
5077.51	
5077.51	
5077.52	
5077.54	
5077.54	
5077.55	
5077.56	
5077.58	
5077.58	
5077.59	
5077.6	
5077.6	
5077.62	
5077.63	
5077.65	
5077.65	
5077.66	
5077.68	
5077.68	
5077.69	
5077.7	
5077.72	
5077.72	
5077.73	
5077.75	
5077.75	
5077.76	
5077.77	
5077.79	
5077.79	
5077.8	
5077.82	
5077.82	
5077.83	
5077.84	
5077.86	
5077.86	
5077.87	
5077.89	
5077.89	
5077.9	
5077.91	
5077.93	
5077.93	
5077.94	
5077.96	
5077.96	
5077.97	
5077.98	
5078	
5078	
5078.01	
5078.03	
5078.03	
5078.04	
5078.05	
5078.07	
5078.07	
5078.08	
5078.1	
5078.1	
5078.11	
5078.12	
5078.14	
5078.14	
5078.15	
5078.17	
5078.17	
5078.18	
5078.19	
5078.21	
5078.21	
5078.22	
5078.24	
5078.24	
5078.25	
5078.26	
5078.28	
5078.28	
5078.29	
5078.31	
5078.31	
5078.32	
5078.33	
5078.35	
5078.35	
5078.36	
5078.38	
5078.38	
5078.39	
5078.4	
5078.42	
5078.42	
5078.43	
5078.45	
5078.45	
5078.46	
5078.47	
5078.49	
5078.49	
5078.5	
5078.52	
5078.52	
5078.53	
5078.54	
5078.56	
5078.56	
5078.57	
5078.58	
5078.58	
5078.6	
5078.61	
5078.63	
5078.63	
5078.64	
5078.66	
5078.66	
5078.67	
5078.68	
5078.7	
5078.7	
5078.71	
5078.73	
5078.73	
5078.74	
5078.75	
5078.77	
5078.77	
5078.78	
5078.8	
5078.8	
5078.81	
5078.82	
5078.84	
5078.84	
5078.85	
5078.87	
5078.87	
5078.88	
5078.89	
5078.91	
5078.91	
5078.92	
5078.94	
5078.95	
5078.95	
5078.96	
5078.98	
5078.98	
5078.99	
5079.01	
5079.01	
5079.02	
5079.03	
5079.05	
5079.05	
5079.06	
5079.08	
5079.08	
5079.09	
5079.1	
5079.12	
5079.12	
5079.13	
5079.15	
5079.15	
5079.16	
5079.17	
