time	
3565.17	
3565.18	
3565.18	
3565.2	
3565.21	
3565.22	
3565.22	
3565.24	
3565.25	
3565.25	
3565.27	
3565.28	
3565.29	
3565.29	
3565.31	
3565.32	
3565.34	
3565.34	
3565.35	
3565.36	
3565.36	
3565.38	
3565.39	
3565.39	
3565.41	
3565.42	
3565.43	
3565.43	
3565.45	
3565.46	
3565.46	
3565.48	
3565.49	
3565.5	
3565.5	
3565.52	
3565.53	
3565.53	
3565.55	
3565.56	
3565.57	
3565.57	
3565.59	
3565.6	
3565.6	
3565.62	
3565.63	
3565.64	
3565.64	
3565.66	
3565.67	
3565.67	
3565.69	
3565.7	
3565.71	
3565.71	
3565.73	
3565.74	
3565.74	
3565.76	
3565.77	
3565.78	
3565.78	
3565.8	
3565.81	
3565.81	
3565.83	
3565.84	
3565.85	
3565.85	
3565.87	
3565.88	
3565.9	
3565.9	
3565.91	
3565.92	
3565.92	
3565.94	
3565.95	
3565.95	
3565.97	
3565.98	
3565.99	
3565.99	
3566.01	
3566.02	
3566.02	
3566.04	
3566.05	
3566.06	
3566.06	
3566.08	
3566.09	
3566.09	
3566.11	
3566.12	
3566.13	
3566.13	
3566.15	
3566.16	
3566.16	
3566.18	
3566.19	
3566.2	
3566.2	
3566.22	
3566.23	
3566.25	
3566.25	
3566.26	
3566.27	
3566.27	
3566.29	
3566.3	
3566.32	
3566.32	
3566.33	
3566.34	
3566.34	
3566.36	
3566.37	
3566.37	
3566.39	
3566.4	
3566.41	
3566.41	
3566.43	
3566.44	
3566.46	
3566.46	
3566.47	
3566.47	
3566.49	
3566.5	
3566.5	
3566.52	
3566.53	
3566.54	
3566.54	
3566.56	
3566.57	
3566.58	
3566.58	
3566.6	
3566.61	
3566.62	
3566.62	
3566.64	
3566.65	
3566.65	
3566.67	
3566.68	
3566.69	
3566.69	
3566.71	
3566.72	
3566.72	
3566.74	
3566.75	
3566.76	
3566.76	
3566.78	
3566.79	
3566.79	
3566.81	
3566.82	
3566.83	
3566.83	
3566.85	
3566.86	
3566.86	
3566.88	
3566.89	
3566.9	
3566.9	
3566.92	
3566.93	
3566.93	
3566.95	
3566.96	
3566.97	
3566.97	
3566.99	
3567	
3567	
3567.02	
3567.03	
3567.03	
3567.05	
3567.06	
3567.07	
3567.07	
3567.09	
3567.1	
3567.11	
3567.11	
3567.13	
3567.14	
3567.14	
3567.16	
3567.17	
3567.18	
3567.18	
3567.2	
3567.21	
3567.21	
3567.23	
3567.24	
3567.25	
3567.25	
3567.27	
3567.28	
3567.28	
3567.3	
3567.31	
3567.32	
3567.32	
3567.34	
3567.35	
3567.35	
3567.37	
3567.38	
3567.39	
3567.39	
3567.41	
3567.42	
3567.42	
3567.44	
3567.45	
3567.46	
3567.46	
3567.48	
3567.49	
3567.49	
3567.51	
3567.52	
3567.53	
3567.53	
3567.55	
3567.56	
3567.56	
3567.58	
3567.59	
3567.6	
3567.6	
3567.62	
3567.63	
3567.65	
3567.65	
3567.66	
3567.67	
3567.67	
3567.69	
3567.69	
3567.71	
3567.72	
3567.73	
3567.74	
3567.74	
3567.76	
3567.77	
3567.77	
3567.79	
3567.8	
3567.81	
3567.81	
3567.83	
3567.84	
3567.84	
3567.86	
3567.86	
3567.88	
3567.88	
3567.9	
3567.91	
3567.91	
3567.91	
3567.94	
3567.95	
3567.95	
3567.97	
3567.98	
3567.98	
3568	
3568.01	
3568.01	
3568.03	
3568.04	
3568.05	
3568.05	
3568.07	
3568.08	
3568.09	
3568.09	
3568.11	
3568.12	
3568.12	
3568.14	
3568.15	
3568.16	
3568.16	
3568.18	
3568.19	
3568.19	
3568.21	
3568.22	
3568.23	
3568.23	
3568.25	
3568.26	
3568.26	
3568.28	
3568.29	
3568.3	
3568.3	
3568.32	
3568.33	
3568.33	
3568.35	
3568.36	
3568.37	
3568.37	
3568.39	
3568.41	
3568.41	
3568.42	
3568.43	
3568.44	
3568.44	
3568.46	
3568.47	
3568.47	
3568.49	
3568.5	
3568.51	
3568.51	
3568.53	
3568.54	
3568.54	
3568.56	
3568.57	
3568.58	
3568.58	
3568.6	
3568.61	
3568.61	
3568.63	
3568.64	
3568.64	
3568.66	
3568.67	
3568.68	
3568.68	
3568.7	
3568.71	
3568.72	
3568.72	
3568.74	
3568.75	
3568.75	
3568.77	
3568.78	
3568.79	
3568.79	
3568.81	
3568.82	
3568.82	
3568.84	
3568.85	
3568.86	
3568.86	
3568.88	
3568.89	
3568.89	
3568.91	
3568.92	
3568.93	
3568.93	
3568.95	
3568.96	
3568.96	
3568.98	
3568.99	
3569	
3569	
3569.02	
3569.03	
3569.05	
3569.05	
3569.06	
3569.07	
3569.07	
3569.09	
3569.1	
3569.1	
3569.12	
3569.13	
3569.14	
3569.14	
3569.16	
3569.17	
3569.17	
3569.19	
3569.2	
3569.21	
3569.21	
3569.23	
3569.24	
3569.24	
3569.26	
3569.27	
3569.28	
3569.28	
3569.3	
3569.31	
3569.31	
3569.33	
3569.34	
3569.35	
3569.35	
3569.37	
3569.38	
3569.38	
3569.4	
3569.41	
3569.42	
3569.44	
3569.44	
3569.45	
3569.47	
3569.47	
3569.48	
3569.49	
3569.49	
3569.51	
3569.52	
3569.52	
3569.54	
3569.55	
3569.56	
3569.56	
3569.58	
3569.59	
3569.59	
3569.61	
3569.62	
3569.63	
3569.63	
3569.65	
3569.66	
3569.66	
3569.68	
3569.69	
3569.7	
3569.7	
3569.72	
3569.73	
3569.75	
3569.75	
3569.76	
3569.77	
3569.77	
3569.79	
3569.8	
3569.8	
3569.82	
3569.83	
3569.84	
3569.84	
3569.86	
3569.87	
3569.87	
3569.89	
3569.9	
3569.91	
3569.91	
3569.93	
3569.94	
3569.94	
3569.96	
3569.97	
3569.98	
3569.98	
3570	
3570.01	
3570.03	
3570.03	
3570.04	
3570.05	
3570.05	
3570.07	
3570.08	
3570.08	
3570.1	
3570.11	
3570.12	
3570.12	
3570.14	
3570.15	
3570.15	
3570.17	
3570.18	
3570.19	
3570.19	
3570.21	
3570.22	
3570.22	
3570.24	
3570.25	
3570.26	
3570.26	
3570.28	
3570.29	
3570.29	
3570.31	
3570.32	
3570.33	
3570.33	
3570.35	
3570.36	
3570.36	
3570.38	
3570.39	
3570.4	
3570.4	
3570.42	
3570.43	
3570.43	
3570.45	
3570.46	
3570.47	
3570.47	
3570.49	
3570.5	
3570.52	
3570.52	
3570.53	
3570.54	
3570.54	
3570.56	
3570.57	
3570.57	
3570.59	
3570.6	
3570.61	
3570.61	
3570.63	
3570.64	
3570.64	
3570.66	
3570.67	
3570.68	
3570.68	
3570.7	
3570.71	
3570.71	
3570.73	
3570.74	
3570.75	
3570.75	
3570.77	
3570.78	
3570.78	
3570.8	
3570.81	
3570.82	
3570.82	
3570.84	
3570.85	
3570.85	
3570.87	
3570.88	
3570.89	
3570.89	
3570.91	
3570.92	
3570.92	
3570.94	
3570.95	
3570.96	
3570.96	
3570.98	
3570.99	
3570.99	
3571.01	
3571.02	
3571.03	
3571.03	
3571.05	
3571.06	
3571.06	
3571.08	
3571.09	
3571.1	
3571.1	
3571.12	
3571.13	
3571.15	
3571.15	
3571.16	
3571.17	
3571.17	
3571.19	
3571.2	
3571.2	
3571.22	
3571.23	
3571.24	
3571.24	
3571.26	
3571.27	
3571.27	
3571.29	
3571.3	
3571.31	
3571.31	
3571.33	
3571.34	
3571.34	
3571.36	
3571.37	
3571.38	
3571.38	
3571.4	
3571.41	
3571.41	
3571.43	
3571.44	
3571.45	
3571.45	
3571.47	
3571.48	
3571.48	
3571.5	
3571.51	
3571.52	
3571.52	
3571.54	
3571.55	
3571.55	
3571.57	
3571.58	
3571.59	
3571.59	
3571.61	
3571.62	
3571.62	
3571.64	
3571.65	
3571.66	
3571.66	
3571.68	
3571.69	
3571.69	
3571.71	
3571.72	
3571.73	
3571.73	
3571.75	
3571.76	
3571.76	
3571.78	
3571.79	
3571.8	
3571.8	
3571.82	
3571.83	
3571.83	
3571.85	
3571.86	
3571.87	
3571.87	
3571.89	
3571.9	
3571.9	
3571.92	
3571.93	
3571.94	
3571.94	
3571.96	
3571.97	
3571.97	
3571.99	
3572	
3572.01	
3572.01	
3572.03	
3572.04	
3572.04	
3572.06	
3572.07	
3572.08	
3572.08	
3572.1	
3572.11	
3572.11	
3572.13	
3572.14	
3572.15	
3572.15	
3572.17	
3572.18	
3572.18	
3572.2	
3572.21	
3572.22	
3572.22	
3572.24	
3572.25	
3572.25	
3572.27	
3572.28	
3572.29	
3572.29	
3572.31	
3572.32	
3572.32	
3572.34	
3572.35	
3572.36	
3572.36	
3572.38	
3572.39	
3572.39	
3572.41	
3572.42	
3572.43	
3572.43	
3572.45	
3572.46	
3572.46	
3572.48	
3572.49	
3572.5	
3572.5	
3572.52	
3572.53	
3572.53	
3572.55	
3572.56	
3572.57	
3572.57	
3572.59	
3572.6	
3572.6	
3572.62	
3572.63	
3572.64	
3572.64	
3572.66	
3572.67	
3572.67	
3572.69	
3572.7	
3572.71	
3572.71	
3572.73	
3572.74	
3572.74	
3572.76	
3572.77	
3572.78	
3572.78	
3572.8	
3572.81	
3572.81	
3572.83	
3572.84	
3572.85	
3572.85	
3572.87	
3572.88	
3572.88	
3572.9	
3572.91	
3572.92	
3572.92	
3572.94	
3572.95	
