time	
3706.22	
3706.24	
3706.24	
3706.25	
3706.26	
3706.26	
3706.28	
3706.29	
3706.31	
3706.31	
3706.32	
3706.33	
3706.33	
3706.35	
3706.36	
3706.38	
3706.38	
3706.39	
3706.4	
3706.4	
3706.42	
3706.43	
3706.45	
3706.45	
3706.46	
3706.47	
3706.47	
3706.49	
3706.5	
3706.52	
3706.52	
3706.53	
3706.54	
3706.54	
3706.56	
3706.57	
3706.59	
3706.59	
3706.6	
3706.61	
3706.63	
3706.63	
3706.64	
3706.66	
3706.66	
3706.67	
3706.68	
3706.68	
3706.7	
3706.71	
3706.73	
3706.73	
3706.74	
3706.75	
3706.75	
3706.77	
3706.78	
3706.8	
3706.8	
3706.81	
3706.82	
3706.82	
3706.84	
3706.85	
3706.87	
3706.87	
3706.88	
3706.89	
3706.89	
3706.91	
3706.92	
3706.94	
3706.94	
3706.95	
3706.96	
3706.96	
3706.98	
3706.99	
3707.01	
3707.01	
3707.02	
3707.03	
3707.03	
3707.05	
3707.06	
3707.08	
3707.08	
3707.09	
3707.1	
3707.1	
3707.12	
3707.13	
3707.15	
3707.15	
3707.16	
3707.17	
3707.19	
3707.19	
3707.2	
3707.22	
3707.22	
3707.23	
3707.24	
3707.24	
3707.26	
3707.27	
3707.29	
3707.29	
3707.3	
3707.31	
3707.31	
3707.33	
3707.34	
3707.36	
3707.36	
3707.37	
3707.38	
3707.38	
3707.4	
3707.41	
3707.43	
3707.43	
3707.44	
3707.45	
3707.45	
3707.47	
3707.48	
3707.5	
3707.5	
3707.51	
3707.52	
3707.52	
3707.54	
3707.55	
3707.57	
3707.57	
3707.58	
3707.59	
3707.59	
3707.61	
3707.62	
3707.64	
3707.64	
3707.65	
3707.66	
3707.66	
3707.68	
3707.69	
3707.71	
3707.71	
3707.72	
3707.73	
3707.75	
3707.75	
3707.76	
3707.78	
3707.78	
3707.79	
3707.8	
3707.8	
3707.82	
3707.83	
3707.85	
3707.85	
3707.86	
3707.87	
3707.87	
3707.89	
3707.9	
3707.92	
3707.92	
3707.93	
3707.94	
3707.94	
3707.96	
3707.97	
3707.99	
3707.99	
3708	
3708.01	
3708.01	
3708.03	
3708.04	
3708.06	
3708.06	
3708.07	
3708.08	
3708.08	
3708.1	
3708.11	
3708.13	
3708.13	
3708.14	
3708.15	
3708.15	
3708.17	
3708.18	
3708.2	
3708.2	
3708.21	
3708.22	
3708.22	
3708.24	
3708.25	
3708.27	
3708.27	
3708.28	
3708.29	
3708.29	
3708.31	
3708.32	
3708.34	
3708.34	
3708.35	
3708.36	
3708.36	
3708.38	
3708.39	
3708.41	
3708.41	
3708.42	
3708.43	
3708.43	
3708.45	
3708.46	
3708.48	
3708.48	
3708.49	
3708.5	
3708.5	
3708.52	
3708.53	
3708.55	
3708.55	
3708.56	
3708.57	
3708.57	
3708.59	
3708.6	
3708.62	
3708.62	
3708.63	
3708.64	
3708.64	
3708.66	
3708.67	
3708.69	
3708.69	
3708.7	
3708.71	
3708.71	
3708.73	
3708.74	
3708.76	
3708.76	
3708.77	
3708.78	
3708.8	
3708.8	
3708.81	
3708.83	
3708.83	
3708.84	
3708.85	
3708.85	
3708.87	
3708.88	
3708.9	
3708.9	
3708.91	
3708.92	
3708.92	
3708.94	
3708.95	
3708.97	
3708.97	
3708.98	
3708.99	
3708.99	
3709.01	
3709.02	
3709.04	
3709.04	
3709.05	
3709.06	
3709.06	
3709.08	
3709.09	
3709.11	
3709.11	
3709.12	
3709.14	
3709.14	
3709.15	
3709.16	
3709.18	
3709.18	
3709.19	
3709.2	
3709.22	
3709.22	
3709.23	
3709.25	
3709.26	
3709.26	
3709.27	
3709.27	
3709.29	
3709.3	
3709.32	
3709.32	
3709.33	
3709.34	
3709.34	
3709.36	
3709.37	
3709.39	
3709.39	
3709.4	
3709.41	
3709.41	
3709.44	
3709.44	
3709.46	
3709.46	
3709.47	
3709.48	
3709.48	
3709.5	
3709.51	
3709.53	
3709.53	
3709.54	
3709.55	
3709.55	
3709.57	
3709.58	
3709.6	
3709.6	
3709.61	
3709.62	
3709.64	
3709.64	
3709.65	
3709.67	
3709.67	
3709.68	
3709.69	
3709.71	
3709.71	
3709.72	
3709.74	
3709.75	
3709.75	
3709.76	
3709.76	
3709.78	
3709.79	
3709.81	
3709.81	
3709.82	
3709.83	
3709.85	
3709.85	
3709.86	
3709.88	
3709.88	
3709.89	
3709.9	
3709.9	
3709.92	
3709.93	
3709.95	
3709.95	
3709.96	
3709.97	
3709.97	
3709.99	
3710	
3710.02	
3710.02	
3710.03	
3710.04	
3710.04	
3710.06	
3710.07	
3710.09	
3710.09	
3710.1	
3710.11	
3710.13	
3710.13	
3710.14	
3710.16	
3710.16	
3710.17	
3710.18	
3710.18	
3710.2	
3710.21	
3710.23	
3710.23	
3710.24	
3710.25	
3710.25	
3710.27	
3710.28	
3710.3	
3710.3	
3710.31	
3710.32	
3710.32	
3710.34	
3710.35	
3710.37	
3710.37	
3710.38	
3710.39	
3710.39	
3710.41	
3710.42	
3710.44	
3710.44	
3710.45	
3710.46	
3710.46	
3710.48	
3710.49	
3710.49	
3710.51	
3710.52	
3710.53	
3710.53	
3710.55	
3710.56	
3710.58	
3710.58	
3710.59	
3710.6	
3710.6	
3710.62	
3710.63	
3710.65	
3710.65	
3710.66	
3710.67	
3710.67	
3710.69	
3710.7	
3710.72	
3710.72	
3710.73	
3710.74	
3710.76	
3710.76	
3710.77	
3710.79	
3710.79	
3710.8	
3710.81	
3710.83	
3710.83	
3710.84	
3710.86	
3710.86	
3710.87	
3710.88	
3710.88	
3710.9	
3710.91	
3710.93	
3710.93	
3710.94	
3710.95	
3710.97	
3710.97	
3710.98	
3711	
3711	
3711.01	
3711.02	
3711.02	
3711.04	
3711.05	
3711.07	
3711.07	
3711.08	
3711.09	
3711.09	
3711.11	
3711.12	
3711.14	
3711.14	
3711.15	
3711.16	
3711.16	
3711.18	
3711.19	
3711.21	
3711.21	
3711.22	
3711.23	
3711.23	
3711.25	
3711.26	
3711.28	
3711.28	
3711.29	
3711.3	
3711.3	
3711.32	
3711.33	
3711.35	
3711.35	
3711.36	
3711.37	
3711.37	
3711.39	
3711.4	
3711.42	
3711.42	
3711.43	
3711.44	
3711.44	
3711.46	
3711.47	
3711.49	
3711.49	
3711.5	
3711.51	
3711.53	
3711.53	
3711.54	
3711.56	
3711.57	
3711.57	
3711.58	
3711.58	
3711.6	
3711.61	
3711.63	
3711.63	
3711.64	
3711.65	
3711.65	
3711.67	
3711.68	
3711.7	
3711.7	
3711.71	
3711.72	
3711.72	
3711.74	
3711.75	
3711.77	
3711.77	
3711.78	
3711.79	
3711.79	
3711.81	
3711.82	
3711.84	
3711.84	
3711.85	
3711.86	
3711.86	
3711.88	
3711.89	
3711.91	
3711.91	
3711.92	
3711.93	
3711.93	
3711.95	
3711.96	
3711.98	
3711.98	
3711.99	
3712	
3712	
3712.02	
3712.03	
3712.05	
3712.05	
3712.06	
3712.07	
3712.07	
3712.09	
3712.1	
3712.12	
3712.12	
3712.13	
3712.15	
3712.16	
3712.16	
3712.17	
3712.19	
3712.19	
3712.2	
3712.21	
3712.23	
3712.23	
3712.24	
3712.26	
3712.26	
3712.27	
3712.28	
3712.28	
3712.3	
3712.31	
3712.33	
3712.33	
3712.34	
3712.35	
3712.35	
3712.37	
3712.38	
3712.4	
3712.4	
3712.41	
3712.42	
3712.42	
3712.44	
3712.45	
3712.47	
3712.47	
3712.48	
3712.49	
3712.49	
3712.51	
3712.52	
3712.54	
3712.54	
3712.55	
3712.56	
3712.56	
3712.58	
3712.59	
3712.61	
3712.61	
3712.62	
3712.63	
3712.63	
3712.65	
3712.66	
3712.68	
3712.68	
3712.69	
3712.7	
3712.72	
3712.72	
3712.73	
3712.75	
3712.75	
3712.76	
3712.77	
3712.77	
3712.79	
3712.8	
3712.82	
3712.82	
3712.83	
3712.84	
3712.84	
3712.86	
3712.87	
3712.89	
3712.89	
3712.9	
3712.91	
3712.91	
3712.93	
3712.94	
3712.96	
3712.96	
3712.97	
3712.98	
3712.98	
3713	
3713.01	
3713.03	
3713.03	
3713.04	
3713.05	
3713.07	
3713.07	
3713.08	
3713.1	
3713.1	
3713.11	
3713.12	
3713.12	
3713.14	
3713.15	
3713.17	
3713.17	
3713.18	
3713.19	
3713.19	
3713.21	
3713.22	
3713.24	
3713.24	
3713.25	
3713.26	
3713.26	
3713.28	
3713.29	
3713.31	
3713.31	
3713.32	
3713.33	
3713.35	
3713.35	
3713.36	
3713.38	
