time	
2347.66	
2347.68	
2347.68	
2347.69	
2347.7	
2347.7	
2347.72	
2347.73	
2347.75	
2347.75	
2347.76	
2347.77	
2347.77	
2347.79	
2347.8	
2347.82	
2347.82	
2347.83	
2347.84	
2347.84	
2347.86	
2347.87	
2347.89	
2347.89	
2347.9	
2347.91	
2347.91	
2347.93	
2347.94	
2347.96	
2347.96	
2347.97	
2347.98	
2347.98	
2348	
2348.01	
2348.03	
2348.03	
2348.04	
2348.05	
2348.05	
2348.07	
2348.08	
2348.1	
2348.1	
2348.11	
2348.13	
2348.13	
2348.14	
2348.15	
2348.17	
2348.17	
2348.18	
2348.19	
2348.19	
2348.21	
2348.22	
2348.24	
2348.24	
2348.25	
2348.26	
2348.26	
2348.28	
2348.29	
2348.31	
2348.31	
2348.32	
2348.33	
2348.33	
2348.35	
2348.36	
2348.38	
2348.38	
2348.39	
2348.4	
2348.4	
2348.42	
2348.43	
2348.45	
2348.45	
2348.46	
2348.48	
2348.48	
2348.49	
2348.5	
2348.52	
2348.52	
2348.53	
2348.54	
2348.54	
2348.56	
2348.57	
2348.59	
2348.59	
2348.6	
2348.61	
2348.61	
2348.63	
2348.64	
2348.66	
2348.66	
2348.67	
2348.68	
2348.68	
2348.7	
2348.71	
2348.73	
2348.73	
2348.74	
2348.75	
2348.75	
2348.77	
2348.78	
2348.8	
2348.8	
2348.81	
2348.82	
2348.82	
2348.84	
2348.85	
2348.87	
2348.87	
2348.88	
2348.89	
2348.89	
2348.91	
2348.92	
2348.92	
2348.94	
2348.95	
2348.96	
2348.96	
2348.98	
2348.99	
2349.01	
2349.01	
2349.02	
2349.03	
2349.03	
2349.05	
2349.06	
2349.08	
2349.08	
2349.09	
2349.1	
2349.1	
2349.12	
2349.13	
2349.15	
2349.15	
2349.16	
2349.17	
2349.17	
2349.19	
2349.2	
2349.22	
2349.22	
2349.23	
2349.24	
2349.24	
2349.26	
2349.27	
2349.29	
2349.29	
2349.3	
2349.31	
2349.31	
2349.33	
2349.34	
2349.36	
2349.36	
2349.37	
2349.38	
2349.38	
2349.4	
2349.41	
2349.43	
2349.43	
2349.44	
2349.45	
2349.45	
2349.47	
2349.48	
2349.5	
2349.5	
2349.51	
2349.52	
2349.52	
2349.54	
2349.55	
2349.55	
2349.57	
2349.58	
2349.59	
2349.59	
2349.61	
2349.62	
2349.64	
2349.64	
2349.65	
2349.66	
2349.68	
2349.68	
2349.69	
2349.71	
2349.71	
2349.72	
2349.73	
2349.73	
2349.75	
2349.76	
2349.78	
2349.78	
2349.79	
2349.8	
2349.8	
2349.82	
2349.83	
2349.85	
2349.85	
2349.86	
2349.87	
2349.87	
2349.89	
2349.9	
2349.92	
2349.92	
2349.93	
2349.94	
2349.94	
2349.96	
2349.97	
2349.99	
2349.99	
2350	
2350.01	
2350.01	
2350.03	
2350.04	
2350.06	
2350.06	
2350.07	
2350.08	
2350.08	
2350.1	
2350.11	
2350.13	
2350.13	
2350.14	
2350.15	
2350.15	
2350.17	
2350.18	
2350.2	
2350.2	
2350.21	
2350.22	
2350.22	
2350.24	
2350.25	
2350.25	
2350.27	
2350.28	
2350.29	
2350.29	
2350.31	
2350.32	
2350.34	
2350.34	
2350.35	
2350.37	
2350.37	
2350.38	
2350.39	
2350.41	
2350.41	
2350.42	
2350.43	
2350.43	
2350.45	
2350.46	
2350.48	
2350.48	
2350.49	
2350.5	
2350.5	
2350.52	
2350.54	
2350.55	
2350.55	
2350.56	
2350.57	
2350.57	
2350.59	
2350.6	
2350.62	
2350.62	
2350.63	
2350.64	
2350.64	
2350.66	
2350.67	
2350.69	
2350.69	
2350.7	
2350.71	
2350.71	
2350.73	
2350.74	
2350.76	
2350.76	
2350.77	
2350.78	
2350.78	
2350.8	
2350.81	
2350.83	
2350.83	
2350.84	
2350.85	
2350.85	
2350.87	
2350.88	
2350.9	
2350.9	
2350.91	
2350.92	
2350.92	
2350.94	
2350.95	
2350.97	
2350.97	
2350.98	
2350.99	
2350.99	
2351.01	
2351.02	
2351.04	
2351.04	
2351.05	
2351.06	
2351.08	
2351.08	
2351.09	
2351.11	
2351.11	
2351.12	
2351.13	
2351.13	
2351.15	
2351.16	
2351.18	
2351.18	
2351.19	
2351.2	
2351.2	
2351.22	
2351.23	
2351.25	
2351.25	
2351.26	
2351.27	
2351.27	
2351.29	
2351.3	
2351.32	
2351.32	
2351.33	
2351.34	
2351.34	
2351.36	
2351.37	
2351.39	
2351.39	
2351.4	
2351.41	
2351.41	
2351.43	
2351.44	
2351.46	
2351.46	
2351.47	
2351.48	
2351.48	
2351.5	
2351.51	
2351.53	
2351.53	
2351.54	
2351.55	
2351.55	
2351.57	
2351.58	
2351.6	
2351.6	
2351.61	
2351.62	
2351.62	
2351.64	
2351.65	
2351.67	
2351.67	
2351.68	
2351.69	
2351.69	
2351.71	
2351.72	
2351.74	
2351.74	
2351.75	
2351.76	
2351.76	
2351.78	
2351.79	
2351.81	
2351.81	
2351.82	
2351.83	
2351.85	
2351.85	
2351.86	
2351.88	
2351.88	
2351.89	
2351.9	
2351.9	
2351.92	
2351.93	
2351.95	
2351.95	
2351.96	
2351.97	
2351.97	
2351.99	
2352	
2352.02	
2352.02	
2352.03	
2352.04	
2352.04	
2352.06	
2352.07	
2352.09	
2352.09	
2352.1	
2352.11	
2352.11	
2352.13	
2352.14	
2352.16	
2352.16	
2352.17	
2352.18	
2352.18	
2352.2	
2352.21	
2352.23	
2352.23	
2352.24	
2352.25	
2352.25	
2352.27	
2352.28	
2352.3	
2352.3	
2352.31	
2352.32	
2352.32	
2352.34	
2352.35	
2352.37	
2352.37	
2352.38	
2352.38	
2352.4	
2352.41	
2352.42	
2352.44	
2352.44	
2352.45	
2352.46	
2352.46	
2352.48	
2352.49	
2352.51	
2352.51	
2352.52	
2352.53	
2352.53	
2352.55	
2352.56	
2352.58	
2352.58	
2352.59	
2352.6	
2352.6	
2352.62	
2352.63	
2352.65	
2352.65	
2352.66	
2352.67	
2352.67	
2352.69	
2352.7	
2352.72	
2352.72	
2352.73	
2352.74	
2352.74	
2352.76	
2352.77	
2352.79	
2352.79	
2352.8	
2352.81	
2352.81	
2352.83	
2352.84	
2352.86	
2352.86	
2352.87	
2352.88	
2352.9	
2352.9	
2352.91	
2352.93	
2352.93	
2352.94	
2352.95	
2352.95	
2352.97	
2352.98	
2353	
2353	
2353.01	
2353.02	
2353.02	
2353.04	
2353.05	
2353.07	
2353.07	
2353.08	
2353.09	
2353.09	
2353.11	
2353.12	
2353.14	
2353.14	
2353.15	
2353.16	
2353.16	
2353.18	
2353.19	
2353.21	
2353.21	
2353.22	
2353.23	
2353.23	
2353.25	
2353.26	
2353.28	
2353.28	
2353.29	
2353.3	
2353.3	
2353.32	
2353.33	
2353.35	
2353.35	
2353.36	
2353.37	
2353.37	
2353.39	
2353.4	
2353.42	
2353.42	
2353.43	
2353.44	
2353.46	
2353.46	
2353.47	
2353.49	
2353.49	
2353.5	
2353.51	
2353.51	
2353.53	
2353.54	
2353.56	
2353.56	
2353.57	
2353.58	
2353.6	
2353.6	
2353.61	
2353.63	
2353.63	
2353.64	
2353.65	
2353.65	
2353.67	
2353.68	
2353.7	
2353.7	
2353.71	
2353.72	
2353.74	
2353.74	
2353.75	
2353.77	
2353.77	
2353.78	
2353.79	
2353.79	
2353.81	
2353.82	
2353.84	
2353.84	
2353.85	
2353.86	
2353.86	
2353.88	
2353.89	
2353.91	
2353.91	
2353.92	
2353.93	
2353.93	
2353.95	
2353.96	
2353.98	
2353.98	
2353.99	
2354	
2354.02	
2354.02	
2354.03	
2354.05	
2354.05	
2354.06	
2354.07	
2354.07	
2354.09	
2354.1	
2354.12	
2354.12	
2354.13	
2354.14	
2354.14	
2354.16	
2354.17	
2354.19	
2354.19	
2354.2	
2354.21	
2354.21	
2354.23	
2354.24	
2354.26	
2354.26	
2354.27	
2354.28	
2354.28	
2354.3	
2354.31	
2354.33	
2354.33	
2354.34	
2354.35	
2354.35	
2354.37	
2354.38	
2354.4	
2354.4	
2354.41	
2354.42	
2354.44	
2354.44	
2354.45	
2354.47	
2354.47	
2354.48	
2354.49	
2354.49	
2354.51	
2354.52	
2354.54	
2354.54	
2354.55	
2354.56	
2354.56	
2354.58	
2354.59	
2354.61	
2354.61	
2354.62	
2354.63	
2354.63	
2354.65	
2354.66	
2354.68	
2354.68	
2354.69	
2354.7	
2354.72	
2354.72	
2354.73	
2354.75	
2354.75	
2354.76	
2354.77	
2354.77	
2354.79	
2354.8	
2354.8	
2354.82	
2354.83	
