time	
1486.26	
1486.26	
1486.27	
1486.29	
1486.3	
1486.3	
1486.31	
1486.33	
1486.33	
1486.34	
1486.36	
1486.37	
1486.37	
1486.38	
1486.4	
1486.4	
1486.41	
1486.43	
1486.44	
1486.44	
1486.45	
1486.47	
1486.47	
1486.48	
1486.5	
1486.51	
1486.51	
1486.52	
1486.54	
1486.54	
1486.55	
1486.57	
1486.58	
1486.58	
1486.59	
1486.61	
1486.61	
1486.62	
1486.64	
1486.65	
1486.65	
1486.66	
1486.68	
1486.68	
1486.69	
1486.71	
1486.72	
1486.72	
1486.73	
1486.75	
1486.75	
1486.76	
1486.78	
1486.79	
1486.79	
1486.8	
1486.82	
1486.82	
1486.83	
1486.85	
1486.86	
1486.86	
1486.87	
1486.89	
1486.9	
1486.9	
1486.92	
1486.93	
1486.93	
1486.94	
1486.96	
1486.96	
1486.98	
1486.99	
1487	
1487	
1487.01	
1487.03	
1487.03	
1487.04	
1487.06	
1487.07	
1487.07	
1487.08	
1487.1	
1487.1	
1487.11	
1487.13	
1487.14	
1487.14	
1487.15	
1487.17	
1487.17	
1487.18	
1487.2	
1487.21	
1487.21	
1487.22	
1487.24	
1487.25	
1487.25	
1487.27	
1487.28	
1487.28	
1487.29	
1487.31	
1487.31	
1487.32	
1487.34	
1487.35	
1487.35	
1487.36	
1487.38	
1487.38	
1487.39	
1487.41	
1487.41	
1487.42	
1487.43	
1487.45	
1487.45	
1487.46	
1487.48	
1487.49	
1487.49	
1487.5	
1487.52	
1487.52	
1487.53	
1487.55	
1487.55	
1487.56	
1487.57	
1487.59	
1487.59	
1487.6	
1487.62	
1487.63	
1487.63	
1487.64	
1487.66	
1487.67	
1487.67	
1487.69	
1487.7	
1487.7	
1487.71	
1487.73	
1487.73	
1487.74	
1487.76	
1487.77	
1487.77	
1487.78	
1487.8	
1487.8	
1487.81	
1487.83	
1487.84	
1487.84	
1487.86	
1487.87	
1487.87	
1487.88	
1487.9	
1487.91	
1487.91	
1487.92	
1487.94	
1487.94	
1487.95	
1487.97	
1487.98	
1487.98	
1487.99	
1488.01	
1488.01	
1488.02	
1488.04	
1488.05	
1488.05	
1488.06	
1488.08	
1488.08	
1488.09	
1488.11	
1488.12	
1488.12	
1488.13	
1488.15	
1488.15	
1488.16	
1488.18	
1488.19	
1488.19	
1488.2	
1488.22	
1488.22	
1488.24	
1488.25	
1488.26	
1488.26	
1488.27	
1488.29	
1488.29	
1488.3	
1488.33	
1488.33	
1488.33	
1488.35	
1488.36	
1488.36	
1488.37	
1488.39	
1488.4	
1488.4	
1488.41	
1488.43	
1488.43	
1488.44	
1488.46	
1488.47	
1488.47	
1488.48	
1488.5	
1488.5	
1488.51	
1488.53	
1488.54	
1488.54	
1488.55	
1488.57	
1488.57	
1488.58	
1488.58	
1488.61	
1488.61	
1488.62	
1488.64	
1488.64	
1488.65	
1488.67	
1488.68	
1488.68	
1488.69	
1488.71	
1488.71	
1488.73	
1488.74	
1488.75	
1488.75	
1488.76	
1488.78	
1488.78	
1488.79	
1488.81	
1488.82	
1488.82	
1488.83	
1488.85	
1488.85	
1488.86	
1488.88	
1488.88	
1488.9	
1488.9	
1488.92	
1488.92	
1488.93	
1488.95	
1488.96	
1488.96	
1488.98	
1488.99	
1488.99	
1489	
1489.02	
1489.03	
1489.03	
1489.04	
1489.06	
1489.06	
1489.07	
1489.09	
1489.1	
1489.1	
1489.12	
1489.13	
1489.13	
1489.14	
1489.16	
1489.17	
1489.17	
1489.18	
1489.2	
1489.2	
1489.21	
1489.23	
1489.24	
1489.24	
1489.26	
1489.27	
1489.27	
1489.28	
1489.3	
1489.31	
1489.32	
1489.32	
1489.34	
1489.34	
1489.35	
1489.37	
1489.38	
1489.38	
1489.4	
1489.41	
1489.41	
1489.42	
1489.44	
1489.45	
1489.45	
1489.47	
1489.48	
1489.48	
1489.49	
1489.51	
1489.52	
1489.52	
1489.52	
1489.55	
1489.55	
1489.57	
1489.58	
1489.58	
1489.6	
1489.6	
1489.62	
1489.62	
1489.63	
1489.65	
1489.66	
1489.66	
1489.67	
1489.69	
1489.69	
1489.7	
1489.72	
1489.72	
1489.73	
1489.75	
1489.76	
1489.76	
1489.77	
1489.79	
1489.8	
1489.8	
1489.81	
1489.83	
1489.83	
1489.84	
1489.86	
1489.87	
1489.87	
1489.9	
1489.9	
1489.91	
1489.91	
1489.93	
1489.94	
1489.94	
1489.95	
1489.97	
1489.97	
1489.98	
1490	
1490.01	
1490.01	
1490.02	
1490.05	
1490.05	
1490.05	
1490.07	
1490.08	
1490.09	
1490.09	
1490.11	
1490.11	
1490.12	
1490.14	
1490.15	
1490.16	
1490.16	
1490.18	
1490.19	
1490.19	
1490.21	
1490.22	
1490.22	
1490.25	
1490.25	
1490.25	
1490.26	
1490.28	
1490.29	
1490.29	
1490.3	
1490.32	
1490.32	
1490.33	
1490.35	
1490.36	
1490.36	
1490.37	
1490.39	
1490.39	
1490.4	
1490.42	
1490.43	
1490.43	
1490.44	
1490.46	
1490.46	
1490.47	
1490.49	
1490.5	
1490.5	
1490.51	
1490.53	
1490.53	
1490.54	
1490.56	
1490.57	
1490.57	
1490.58	
1490.6	
1490.6	
1490.61	
1490.63	
1490.64	
1490.64	
1490.65	
1490.67	
1490.67	
1490.68	
1490.7	
1490.71	
1490.72	
1490.72	
1490.74	
1490.74	
1490.76	
1490.77	
1490.78	
1490.78	
1490.79	
1490.81	
1490.81	
1490.82	
1490.84	
1490.85	
1490.85	
1490.86	
1490.88	
1490.88	
1490.89	
1490.91	
1490.92	
1490.92	
1490.93	
1490.95	
1490.95	
1490.96	
1490.98	
1490.99	
1490.99	
1491	
1491.02	
1491.03	
1491.05	
1491.05	
1491.06	
1491.06	
1491.07	
1491.09	
1491.09	
1491.1	
1491.12	
1491.13	
1491.13	
1491.14	
1491.16	
1491.16	
1491.17	
1491.19	
1491.2	
1491.2	
1491.21	
1491.23	
1491.24	
1491.24	
1491.26	
1491.27	
1491.27	
1491.28	
1491.3	
1491.3	
1491.31	
1491.33	
1491.34	
1491.34	
1491.35	
1491.37	
1491.37	
1491.38	
1491.4	
1491.41	
1491.41	
1491.42	
1491.44	
1491.44	
1491.45	
1491.47	
1491.48	
1491.48	
1491.49	
1491.51	
1491.51	
1491.52	
1491.54	
1491.55	
1491.56	
1491.56	
1491.58	
1491.58	
1491.59	
1491.61	
1491.62	
1491.62	
1491.63	
1491.65	
1491.65	
1491.66	
1491.68	
1491.69	
1491.69	
1491.7	
1491.72	
1491.72	
1491.73	
1491.75	
1491.76	
1491.76	
1491.79	
1491.79	
1491.79	
1491.8	
1491.82	
1491.83	
1491.84	
1491.84	
1491.86	
1491.86	
1491.87	
1491.89	
1491.9	
1491.9	
1491.91	
1491.93	
1491.93	
1491.94	
1491.96	
1491.97	
1491.97	
1491.98	
1492	
1492	
1492.01	
1492.03	
1492.04	
1492.04	
1492.05	
1492.07	
1492.07	
1492.08	
1492.1	
1492.11	
1492.11	
1492.12	
1492.14	
1492.14	
1492.15	
1492.17	
1492.18	
1492.18	
1492.19	
1492.21	
1492.21	
1492.22	
1492.24	
1492.25	
1492.25	
1492.26	
1492.28	
1492.29	
1492.29	
1492.31	
1492.32	
1492.33	
1492.33	
1492.35	
1492.36	
1492.36	
1492.38	
1492.39	
1492.39	
1492.4	
1492.42	
1492.42	
1492.43	
1492.45	
1492.46	
1492.46	
1492.47	
1492.49	
1492.49	
1492.5	
1492.52	
1492.52	
1492.54	
1492.55	
1492.56	
1492.56	
1492.57	
1492.59	
1492.6	
1492.6	
1492.61	
1492.63	
1492.64	
1492.64	
1492.66	
1492.67	
1492.67	
1492.68	
1492.7	
1492.71	
1492.71	
1492.73	
1492.74	
1492.74	
1492.75	
1492.77	
1492.77	
1492.78	
1492.8	
1492.81	
1492.81	
1492.82	
1492.84	
1492.84	
1492.87	
1492.87	
1492.88	
1492.88	
1492.89	
1492.91	
1492.91	
1492.92	
1492.94	
1492.95	
1492.95	
1492.96	
1492.98	
1492.98	
1492.99	
1493.01	
1493.02	
1493.02	
1493.03	
1493.05	
1493.05	
1493.06	
1493.08	
1493.09	
1493.09	
1493.1	
1493.12	
1493.12	
1493.13	
1493.15	
1493.16	
1493.16	
1493.17	
1493.19	
1493.19	
1493.2	
1493.22	
1493.23	
1493.24	
1493.24	
1493.26	
1493.26	
1493.27	
1493.29	
1493.3	
1493.3	
1493.31	
1493.33	
1493.33	
1493.34	
1493.36	
1493.37	
1493.37	
1493.38	
1493.4	
1493.4	
1493.41	
1493.43	
1493.44	
1493.44	
1493.45	
1493.47	
1493.47	
1493.48	
1493.5	
1493.51	
1493.51	
1493.52	
1493.54	
1493.54	
1493.55	
1493.57	
1493.58	
1493.58	
1493.59	
1493.61	
1493.61	
1493.62	
1493.64	
1493.65	
1493.65	
1493.67	
1493.68	
1493.68	
1493.69	
1493.71	
1493.71	
1493.73	
1493.74	
1493.74	
1493.76	
1493.76	
1493.78	
1493.79	
1493.79	
1493.8	
1493.82	
1493.82	
1493.83	
1493.85	
1493.86	
1493.86	
1493.87	
1493.89	
1493.89	
1493.9	
1493.92	
1493.93	
1493.93	
1493.95	
1493.96	
1493.96	
1493.97	
1493.99	
1494	
1494	
1494.01	
1494.03	
1494.03	
1494.04	
1494.06	
