time	
4251.16	
4251.17	
4251.19	
4251.19	
4251.2	
4251.21	
4251.23	
4251.23	
4251.24	
4251.26	
4251.26	
4251.27	
4251.28	
4251.3	
4251.3	
4251.31	
4251.33	
4251.33	
4251.34	
4251.35	
4251.37	
4251.37	
4251.38	
4251.4	
4251.4	
4251.41	
4251.42	
4251.44	
4251.44	
4251.45	
4251.47	
4251.47	
4251.48	
4251.49	
4251.51	
4251.51	
4251.52	
4251.54	
4251.54	
4251.55	
4251.56	
4251.58	
4251.58	
4251.59	
4251.6	
4251.6	
4251.62	
4251.63	
4251.65	
4251.65	
4251.66	
4251.68	
4251.68	
4251.69	
4251.7	
4251.72	
4251.72	
4251.73	
4251.75	
4251.75	
4251.76	
4251.77	
4251.79	
4251.79	
4251.8	
4251.82	
4251.82	
4251.83	
4251.84	
4251.86	
4251.86	
4251.87	
4251.89	
4251.89	
4251.9	
4251.91	
4251.93	
4251.93	
4251.94	
4251.96	
4251.96	
4251.97	
4251.98	
4252	
4252	
4252.01	
4252.03	
4252.03	
4252.04	
4252.05	
4252.07	
4252.07	
4252.08	
4252.1	
4252.1	
4252.11	
4252.12	
4252.14	
4252.14	
4252.15	
4252.17	
4252.17	
4252.18	
4252.19	
4252.21	
4252.21	
4252.22	
4252.24	
4252.24	
4252.25	
4252.26	
4252.28	
4252.28	
4252.29	
4252.31	
4252.31	
4252.32	
4252.33	
4252.35	
4252.35	
4252.36	
4252.38	
4252.38	
4252.39	
4252.4	
4252.42	
4252.42	
4252.43	
4252.45	
4252.45	
4252.46	
4252.47	
4252.49	
4252.49	
4252.5	
4252.52	
4252.52	
4252.53	
4252.54	
4252.56	
4252.56	
4252.57	
4252.58	
4252.58	
4252.6	
4252.62	
4252.63	
4252.63	
4252.64	
4252.66	
4252.66	
4252.67	
4252.68	
4252.7	
4252.7	
4252.71	
4252.73	
4252.73	
4252.74	
4252.75	
4252.77	
4252.77	
4252.78	
4252.8	
4252.8	
4252.81	
4252.82	
4252.82	
4252.84	
4252.85	
4252.87	
4252.87	
4252.88	
4252.89	
4252.91	
4252.91	
4252.93	
4252.94	
4252.94	
4252.95	
4252.96	
4252.98	
4252.98	
4252.99	
4253.01	
4253.01	
4253.02	
4253.03	
4253.05	
4253.05	
4253.06	
4253.08	
4253.08	
4253.09	
4253.1	
4253.12	
4253.12	
4253.13	
4253.15	
4253.15	
4253.16	
4253.17	
4253.19	
4253.19	
4253.2	
4253.22	
4253.22	
4253.23	
4253.24	
4253.26	
4253.26	
4253.27	
4253.29	
4253.29	
4253.3	
4253.32	
4253.33	
4253.33	
4253.34	
4253.35	
4253.35	
4253.37	
4253.38	
4253.4	
4253.4	
4253.41	
4253.43	
4253.43	
4253.43	
4253.45	
4253.47	
4253.47	
4253.48	
4253.5	
4253.5	
4253.51	
4253.52	
4253.54	
4253.54	
4253.55	
4253.57	
4253.57	
4253.58	
4253.6	
4253.61	
4253.61	
4253.62	
4253.64	
4253.64	
4253.65	
4253.66	
4253.68	
4253.68	
4253.69	
4253.71	
4253.71	
4253.72	
4253.73	
4253.75	
4253.75	
4253.76	
4253.78	
4253.78	
4253.79	
4253.8	
4253.82	
4253.82	
4253.83	
4253.85	
4253.85	
4253.86	
4253.87	
4253.89	
4253.89	
4253.9	
4253.92	
4253.92	
4253.93	
4253.94	
4253.96	
4253.96	
4253.97	
4253.99	
4253.99	
4254	
4254.01	
4254.03	
4254.03	
4254.04	
4254.06	
4254.06	
4254.07	
4254.08	
4254.1	
4254.1	
4254.11	
4254.12	
4254.12	
4254.14	
4254.15	
4254.17	
4254.17	
4254.18	
4254.2	
4254.2	
4254.21	
4254.22	
4254.24	
4254.24	
4254.25	
4254.27	
4254.27	
4254.28	
4254.29	
4254.31	
4254.31	
4254.32	
4254.33	
4254.33	
4254.35	
4254.36	
4254.38	
4254.38	
4254.39	
4254.41	
4254.41	
4254.42	
4254.43	
4254.45	
4254.45	
4254.46	
4254.48	
4254.48	
4254.49	
4254.5	
4254.52	
4254.52	
4254.53	
4254.55	
4254.55	
4254.56	
4254.57	
4254.59	
4254.59	
4254.6	
4254.62	
4254.62	
4254.63	
4254.64	
4254.66	
4254.66	
4254.67	
4254.69	
4254.69	
4254.7	
4254.71	
4254.73	
4254.73	
4254.74	
4254.76	
4254.76	
4254.77	
4254.78	
4254.8	
4254.8	
4254.81	
4254.83	
4254.83	
4254.84	
4254.85	
4254.87	
4254.87	
4254.88	
4254.9	
4254.9	
4254.91	
4254.92	
4254.94	
4254.94	
4254.95	
4254.97	
4254.97	
4254.98	
4254.99	
4255.01	
4255.01	
4255.02	
4255.04	
4255.04	
4255.05	
4255.06	
4255.08	
4255.08	
4255.09	
4255.1	
4255.1	
4255.12	
4255.13	
4255.15	
4255.15	
4255.16	
4255.18	
4255.18	
4255.19	
4255.2	
4255.22	
4255.22	
4255.23	
4255.25	
4255.25	
4255.26	
4255.27	
4255.29	
4255.29	
4255.3	
4255.32	
4255.32	
4255.33	
4255.34	
4255.36	
4255.36	
4255.37	
4255.39	
4255.39	
4255.4	
4255.41	
4255.43	
4255.43	
4255.44	
4255.46	
4255.46	
4255.47	
4255.48	
4255.5	
4255.5	
4255.51	
4255.53	
4255.53	
4255.54	
4255.55	
4255.57	
4255.57	
4255.58	
4255.6	
4255.6	
4255.61	
4255.62	
4255.64	
4255.64	
4255.65	
4255.67	
4255.67	
4255.68	
4255.69	
4255.71	
4255.71	
4255.72	
4255.74	
4255.74	
4255.75	
4255.76	
4255.78	
4255.78	
4255.79	
4255.81	
4255.81	
4255.82	
4255.83	
4255.85	
4255.85	
4255.86	
4255.88	
4255.88	
4255.89	
4255.9	
4255.92	
4255.92	
4255.93	
4255.95	
4255.95	
4255.96	
4255.97	
4255.99	
4255.99	
4256	
4256.02	
4256.02	
4256.03	
4256.04	
4256.06	
4256.06	
4256.07	
4256.08	
4256.08	
4256.1	
4256.11	
4256.13	
4256.13	
4256.14	
4256.16	
4256.16	
4256.17	
4256.18	
4256.2	
4256.2	
4256.21	
4256.23	
4256.23	
4256.24	
4256.25	
4256.27	
4256.27	
4256.28	
4256.3	
4256.3	
4256.31	
4256.32	
4256.34	
4256.34	
4256.35	
4256.37	
4256.38	
4256.38	
4256.39	
4256.41	
4256.41	
4256.42	
4256.44	
4256.45	
4256.45	
4256.46	
4256.48	
4256.48	
4256.49	
4256.51	
4256.51	
4256.52	
4256.53	
4256.55	
4256.55	
4256.56	
4256.58	
4256.58	
4256.59	
4256.6	
4256.62	
4256.62	
4256.63	
4256.65	
4256.65	
4256.66	
4256.67	
4256.69	
4256.69	
4256.7	
4256.72	
4256.73	
4256.73	
4256.74	
4256.76	
4256.76	
4256.77	
4256.79	
4256.79	
4256.8	
4256.81	
4256.83	
4256.83	
4256.84	
4256.85	
4256.85	
4256.87	
4256.89	
4256.9	
4256.9	
4256.91	
4256.93	
4256.93	
4256.94	
4256.95	
4256.97	
4256.97	
4256.98	
4257	
4257	
4257.01	
4257.02	
4257.04	
4257.04	
4257.05	
4257.07	
4257.07	
4257.08	
4257.09	
4257.11	
4257.11	
4257.12	
4257.14	
4257.14	
4257.15	
4257.16	
4257.18	
4257.18	
4257.19	
4257.21	
4257.21	
4257.22	
4257.23	
4257.25	
4257.25	
4257.26	
4257.28	
4257.29	
4257.29	
4257.3	
4257.32	
4257.32	
4257.33	
4257.35	
4257.35	
4257.36	
4257.37	
4257.39	
4257.39	
4257.4	
4257.42	
4257.42	
4257.43	
4257.44	
4257.46	
4257.46	
4257.47	
4257.49	
4257.49	
4257.5	
4257.51	
4257.53	
4257.53	
4257.54	
4257.56	
4257.57	
4257.57	
4257.58	
4257.6	
4257.6	
4257.61	
4257.63	
4257.63	
4257.64	
4257.65	
4257.67	
4257.67	
4257.68	
4257.7	
4257.7	
4257.71	
4257.72	
4257.74	
4257.74	
4257.75	
4257.77	
4257.77	
4257.78	
4257.79	
4257.81	
4257.81	
4257.82	
4257.83	
4257.85	
4257.85	
4257.86	
4257.88	
4257.88	
4257.89	
4257.91	
4257.91	
4257.92	
4257.93	
4257.95	
4257.95	
4257.96	
4257.98	
4257.99	
4257.99	
4258	
4258.02	
4258.02	
4258.03	
4258.05	
4258.05	
4258.06	
4258.07	
4258.09	
4258.09	
4258.1	
4258.12	
4258.13	
4258.13	
4258.14	
4258.16	
4258.16	
4258.17	
4258.19	
4258.19	
4258.2	
4258.21	
4258.23	
4258.23	
4258.24	
4258.26	
4258.26	
4258.27	
4258.28	
4258.3	
4258.3	
4258.31	
4258.33	
4258.33	
4258.34	
4258.35	
4258.37	
4258.37	
