time	
887.475	
887.475	
887.489	
887.503	
887.517	
887.517	
887.531	
887.545	
887.545	
887.559	
887.573	
887.587	
887.587	
887.601	
887.615	
887.615	
887.633	
887.643	
887.659	
887.659	
887.671	
887.685	
887.685	
887.7	
887.713	
887.727	
887.727	
887.741	
887.755	
887.755	
887.769	
887.783	
887.797	
887.797	
887.811	
887.825	
887.825	
887.839	
887.854	
887.867	
887.867	
887.882	
887.895	
887.895	
887.909	
887.923	
887.937	
887.937	
887.951	
887.965	
887.965	
887.979	
887.993	
888.007	
888.007	
888.021	
888.035	
888.035	
888.049	
888.063	
888.077	
888.077	
888.091	
888.105	
888.105	
888.119	
888.133	
888.147	
888.147	
888.161	
888.175	
888.175	
888.189	
888.203	
888.217	
888.217	
888.231	
888.245	
888.261	
888.261	
888.273	
888.287	
888.287	
888.301	
888.315	
888.315	
888.33	
888.343	
888.357	
888.357	
888.371	
888.385	
888.385	
888.399	
888.413	
888.43	
888.43	
888.441	
888.465	
888.474	
888.474	
888.474	
888.499	
888.525	
888.525	
888.539	
888.539	
888.553	
888.567	
888.567	
888.581	
888.595	
888.609	
888.609	
888.623	
888.637	
888.637	
888.651	
888.665	
888.679	
888.679	
888.693	
888.707	
888.707	
888.726	
888.735	
888.749	
888.749	
888.763	
888.777	
888.777	
888.791	
888.805	
888.819	
888.819	
888.84	
888.847	
888.847	
888.862	
888.875	
888.889	
888.889	
888.903	
888.917	
888.917	
888.931	
888.945	
888.959	
888.959	
888.973	
888.991	
888.991	
889.001	
889.015	
889.029	
889.029	
889.043	
889.057	
889.057	
889.071	
889.085	
889.099	
889.099	
889.113	
889.127	
889.127	
889.142	
889.155	
889.169	
889.169	
889.183	
889.197	
889.197	
889.211	
889.225	
889.239	
889.239	
889.253	
889.267	
889.267	
889.281	
889.295	
889.309	
889.309	
889.323	
889.337	
889.337	
889.351	
889.365	
889.379	
889.379	
889.393	
889.407	
889.407	
889.422	
889.435	
889.449	
889.449	
889.463	
889.477	
889.477	
889.491	
889.505	
889.519	
889.519	
889.533	
889.547	
889.547	
889.561	
889.575	
889.589	
889.589	
889.603	
889.617	
889.617	
889.632	
889.645	
889.659	
889.659	
889.673	
889.687	
889.687	
889.701	
889.715	
889.729	
889.729	
889.743	
889.757	
889.757	
889.771	
889.785	
889.799	
889.799	
889.819	
889.827	
889.827	
889.841	
889.855	
889.87	
889.87	
889.886	
889.897	
889.911	
889.911	
889.931	
889.939	
889.939	
889.953	
889.967	
889.967	
889.981	
889.995	
890.009	
890.009	
890.023	
890.023	
890.042	
890.051	
890.065	
890.08	
890.08	
890.093	
890.107	
890.107	
890.121	
890.135	
890.149	
890.149	
890.163	
890.177	
890.177	
890.191	
890.205	
890.219	
890.219	
890.233	
890.247	
890.247	
890.261	
890.275	
890.289	
890.289	
890.303	
890.317	
890.317	
890.331	
890.331	
890.359	
890.359	
890.376	
890.388	
890.388	
890.403	
890.415	
890.429	
890.429	
890.443	
890.443	
890.462	
890.471	
890.485	
890.499	
890.499	
890.513	
890.527	
890.527	
890.541	
890.555	
890.569	
890.569	
890.583	
890.598	
890.598	
890.611	
890.625	
890.639	
890.639	
890.653	
890.667	
890.667	
890.683	
890.699	
890.709	
890.709	
890.725	
890.737	
890.737	
890.751	
890.765	
890.765	
890.782	
890.793	
890.807	
890.807	
890.822	
890.835	
890.849	
890.849	
890.865	
890.878	
890.878	
890.893	
890.905	
890.905	
890.922	
890.933	
890.933	
890.953	
890.961	
890.975	
890.989	
890.989	
891.003	
891.017	
891.017	
891.032	
891.045	
891.059	
891.059	
891.073	
891.073	
891.092	
891.101	
891.116	
891.13	
891.13	
891.143	
891.157	
891.157	
891.175	
891.175	
891.175	
891.202	
891.216	
891.227	
891.227	
891.243	
891.255	
891.271	
891.271	
891.283	
891.3	
891.3	
891.311	
891.326	
891.339	
891.339	
891.353	
891.367	
891.367	
891.383	
891.395	
891.409	
891.409	
891.423	
891.438	
891.438	
891.451	
891.465	
891.479	
891.479	
891.494	
891.507	
891.507	
891.522	
891.535	
891.549	
891.549	
891.563	
891.579	
891.579	
891.591	
891.605	
891.619	
891.619	
891.633	
891.647	
891.647	
891.661	
891.675	
891.689	
891.689	
891.706	
891.719	
891.719	
891.731	
891.747	
891.759	
891.759	
891.773	
891.787	
891.787	
891.802	
891.815	
891.829	
891.829	
891.843	
891.857	
891.857	
891.871	
891.885	
891.899	
891.899	
891.914	
891.927	
891.927	
891.941	
891.955	
891.969	
891.969	
891.983	
891.997	
891.997	
892.011	
892.026	
892.039	
892.039	
892.053	
892.067	
892.067	
892.082	
892.095	
892.109	
892.109	
892.123	
892.137	
892.137	
892.151	
892.165	
892.179	
892.179	
892.193	
892.207	
892.207	
892.221	
892.235	
892.249	
892.249	
892.263	
892.277	
892.277	
892.291	
892.305	
892.319	
892.319	
892.333	
892.347	
892.347	
892.361	
892.375	
892.389	
892.389	
892.403	
892.417	
892.417	
892.432	
892.445	
892.459	
892.459	
892.473	
892.488	
892.488	
892.502	
892.515	
892.529	
892.529	
892.543	
892.557	
892.557	
892.571	
892.585	
892.599	
892.599	
892.613	
892.627	
892.627	
892.641	
892.655	
892.669	
892.669	
892.683	
892.697	
892.697	
892.711	
892.725	
892.739	
892.739	
892.753	
892.767	
892.767	
892.781	
892.795	
892.81	
892.81	
892.823	
892.837	
892.837	
892.851	
892.865	
892.879	
892.879	
892.893	
892.907	
892.907	
892.921	
892.935	
892.949	
892.949	
892.963	
892.977	
892.977	
892.991	
893.005	
893.019	
893.019	
893.033	
893.047	
893.047	
893.061	
893.075	
893.089	
893.089	
893.104	
893.117	
893.117	
893.131	
893.145	
893.159	
893.159	
893.173	
893.187	
893.187	
893.201	
893.215	
893.229	
893.229	
893.243	
893.257	
893.257	
893.273	
893.285	
893.285	
893.305	
893.313	
893.327	
893.327	
893.341	
893.355	
893.37	
893.37	
893.386	
893.398	
893.398	
893.411	
893.425	
893.439	
893.439	
893.453	
893.468	
893.468	
893.483	
893.495	
893.509	
893.509	
893.523	
893.537	
893.537	
893.552	
893.566	
893.579	
893.579	
893.593	
893.607	
893.607	
893.621	
893.635	
893.649	
893.649	
893.663	
893.677	
893.677	
893.691	
893.705	
893.72	
893.72	
893.733	
893.747	
893.747	
893.761	
893.775	
893.789	
893.789	
893.803	
893.803	
893.823	
893.833	
893.845	
893.859	
893.859	
893.873	
893.887	
893.887	
893.901	
893.916	
893.93	
893.93	
893.957	
893.957	
893.971	
893.971	
893.999	
893.999	
894.013	
894.027	
894.027	
894.042	
894.042	
894.055	
894.07	
894.07	
894.083	
894.097	
894.097	
894.111	
894.125	
894.139	
894.139	
894.153	
894.167	
894.167	
894.181	
894.195	
894.209	
894.209	
894.223	
894.238	
894.238	
894.251	
894.265	
894.279	
894.279	
894.293	
894.307	
894.307	
894.321	
894.335	
894.335	
894.352	
894.363	
894.378	
894.378	
894.391	
894.405	
894.42	
894.42	
894.433	
894.447	
894.447	
894.461	
894.475	
894.489	
894.489	
894.503	
894.517	
894.517	
894.531	
894.545	
894.559	
894.559	
894.573	
894.59	
894.59	
894.601	
894.615	
894.629	
894.629	
894.643	
894.657	
894.657	
894.671	
894.685	
894.699	
894.699	
894.713	
894.727	
894.727	
894.741	
894.755	
894.769	
894.769	
894.783	
894.799	
894.799	
894.811	
894.825	
894.839	
894.839	
894.853	
894.87	
894.87	
894.881	
894.895	
894.909	
894.909	
894.923	
894.937	
894.937	
894.951	
894.965	
894.979	
894.979	
894.994	
895.007	
895.007	
895.021	
895.035	
895.049	
895.049	
895.063	
895.077	
895.077	
895.091	
895.106	
895.119	
895.119	
895.133	
895.147	
895.147	
895.161	
895.175	
895.175	
895.192	
895.203	
895.217	
895.217	
895.231	
895.245	
895.259	
895.259	
895.273	
895.287	
895.287	
895.301	
895.315	
895.329	
895.329	
895.343	
895.343	
895.361	
895.371	
895.387	
895.399	
