time	
756.241	
756.253	
756.267	
756.282	
756.282	
756.295	
756.309	
756.309	
756.325	
756.337	
756.351	
756.351	
756.365	
756.379	
756.379	
756.393	
756.407	
756.422	
756.422	
756.435	
756.449	
756.449	
756.466	
756.477	
756.491	
756.491	
756.505	
756.52	
756.52	
756.533	
756.547	
756.561	
756.561	
756.575	
756.591	
756.591	
756.603	
756.617	
756.631	
756.631	
756.645	
756.659	
756.659	
756.673	
756.687	
756.701	
756.701	
756.715	
756.729	
756.729	
756.743	
756.757	
756.771	
756.771	
756.785	
756.799	
756.813	
756.813	
756.827	
756.841	
756.841	
756.855	
756.869	
756.869	
756.883	
756.897	
756.911	
756.911	
756.925	
756.939	
756.939	
756.953	
756.968	
756.981	
756.981	
756.995	
757.01	
757.01	
757.024	
757.037	
757.052	
757.052	
757.065	
757.079	
757.079	
757.093	
757.107	
757.121	
757.121	
757.135	
757.149	
757.149	
757.164	
757.177	
757.192	
757.192	
757.205	
757.221	
757.221	
757.237	
757.247	
757.247	
757.263	
757.275	
757.29	
757.29	
757.303	
757.317	
757.333	
757.333	
757.345	
757.36	
757.36	
757.373	
757.387	
757.401	
757.401	
757.415	
757.43	
757.43	
757.443	
757.457	
757.471	
757.471	
757.485	
757.499	
757.499	
757.515	
757.527	
757.541	
757.541	
757.555	
757.569	
757.569	
757.583	
757.599	
757.611	
757.611	
757.626	
757.639	
757.639	
757.653	
757.667	
757.682	
757.682	
757.695	
757.695	
757.721	
757.727	
757.741	
757.741	
757.759	
757.766	
757.782	
757.793	
757.793	
757.811	
757.821	
757.821	
757.835	
757.849	
757.849	
757.863	
757.877	
757.891	
757.891	
757.905	
757.919	
757.919	
757.933	
757.948	
757.961	
757.961	
757.976	
757.994	
757.994	
758.003	
758.017	
758.031	
758.031	
758.045	
758.06	
758.073	
758.073	
758.087	
758.101	
758.101	
758.115	
758.129	
758.129	
758.143	
758.157	
758.171	
758.171	
758.185	
758.2	
758.2	
758.213	
758.228	
758.241	
758.241	
758.255	
758.269	
758.269	
758.283	
758.297	
758.311	
758.311	
758.325	
758.339	
758.339	
758.353	
758.367	
758.381	
758.381	
758.396	
758.409	
758.423	
758.423	
758.437	
758.451	
758.451	
758.465	
758.479	
758.479	
758.493	
758.507	
758.521	
758.521	
758.535	
758.549	
758.563	
758.563	
758.577	
758.591	
758.591	
758.605	
758.619	
758.619	
758.633	
758.647	
758.661	
758.661	
758.675	
758.689	
758.689	
758.703	
758.718	
758.731	
758.731	
758.745	
758.76	
758.76	
758.773	
758.79	
758.801	
758.801	
758.815	
758.829	
758.843	
758.843	
758.857	
758.871	
758.871	
758.885	
758.899	
758.913	
758.913	
758.927	
758.941	
758.941	
758.955	
758.955	
758.978	
758.983	
758.997	
759.011	
759.011	
759.025	
759.039	
759.053	
759.053	
759.067	
759.082	
759.082	
759.095	
759.109	
759.123	
759.123	
759.137	
759.151	
759.151	
759.165	
759.165	
759.165	
759.196	
759.211	
759.221	
759.235	
759.235	
759.249	
759.263	
759.263	
759.283	
759.291	
759.291	
759.305	
759.319	
759.319	
759.333	
759.348	
759.361	
759.361	
759.375	
759.389	
759.389	
759.408	
759.417	
759.431	
759.431	
759.445	
759.459	
759.459	
759.473	
759.473	
759.501	
759.501	
759.515	
759.529	
759.529	
759.543	
759.557	
759.571	
759.571	
759.585	
759.599	
759.599	
759.619	
759.627	
759.641	
759.641	
759.655	
759.671	
759.683	
759.683	
759.703	
759.711	
759.711	
759.725	
759.739	
759.739	
759.753	
759.768	
759.781	
759.795	
759.795	
759.809	
759.809	
759.823	
759.838	
759.851	
759.851	
759.865	
759.879	
759.893	
759.893	
759.907	
759.921	
759.921	
759.935	
759.949	
759.949	
759.963	
759.977	
759.992	
759.992	
760.005	
760.019	
760.033	
760.033	
760.047	
760.061	
760.061	
760.075	
760.089	
760.089	
760.103	
760.117	
760.131	
760.131	
760.145	
760.159	
760.173	
760.173	
760.187	
760.201	
760.201	
760.215	
760.229	
760.229	
760.244	
760.257	
760.271	
760.271	
760.286	
760.299	
760.314	
760.314	
760.327	
760.341	
760.341	
760.355	
760.37	
760.383	
760.397	
760.397	
760.411	
760.411	
760.425	
760.439	
760.453	
760.453	
760.467	
760.481	
760.481	
760.495	
760.509	
760.509	
760.523	
760.537	
760.551	
760.551	
760.565	
760.579	
760.593	
760.593	
760.607	
760.621	
760.621	
760.635	
760.649	
760.649	
760.663	
760.677	
760.692	
760.692	
760.705	
760.719	
760.719	
760.733	
760.747	
760.761	
760.761	
760.775	
760.789	
760.789	
760.803	
760.817	
760.831	
760.831	
760.845	
760.859	
760.859	
760.873	
760.887	
760.901	
760.915	
760.915	
760.929	
760.929	
760.943	
760.957	
760.971	
760.971	
760.985	
760.999	
761.013	
761.013	
761.027	
761.041	
761.041	
761.055	
761.069	
761.083	
761.083	
761.097	
761.112	
761.112	
761.125	
761.139	
761.139	
761.153	
761.167	
761.182	
761.182	
761.195	
761.209	
761.209	
761.223	
761.237	
761.251	
761.251	
761.265	
761.279	
761.279	
761.293	
761.307	
761.321	
761.321	
761.335	
761.349	
761.349	
761.363	
761.377	
761.391	
761.391	
761.405	
761.419	
761.419	
761.433	
761.447	
761.461	
761.461	
761.475	
761.489	
761.503	
761.503	
761.517	
761.531	
761.545	
761.545	
761.559	
761.573	
761.573	
761.587	
761.601	
761.616	
761.616	
761.629	
761.643	
761.643	
761.659	
761.671	
761.671	
761.685	
761.699	
761.714	
761.714	
761.741	
761.741	
761.741	
761.755	
761.769	
761.783	
761.783	
761.797	
761.812	
761.812	
761.825	
761.839	
761.839	
761.853	
761.867	
761.881	
761.881	
761.895	
761.909	
761.923	
761.923	
761.937	
761.951	
761.951	
761.965	
761.979	
761.979	
761.993	
762.007	
762.021	
762.021	
762.035	
762.049	
762.049	
762.063	
762.077	
762.091	
762.091	
762.105	
762.119	
762.119	
762.133	
762.148	
762.161	
762.161	
762.175	
762.189	
762.203	
762.203	
762.217	
762.232	
762.232	
762.245	
762.259	
762.259	
762.273	
762.287	
762.301	
762.301	
762.315	
762.329	
762.329	
762.343	
762.357	
762.371	
762.371	
762.385	
762.399	
762.413	
762.413	
762.427	
762.441	
762.441	
762.455	
762.469	
762.484	
762.484	
762.497	
762.511	
762.511	
762.526	
762.54	
762.54	
762.553	
762.567	
762.581	
762.596	
762.596	
762.609	
762.609	
762.623	
762.638	
762.651	
762.651	
762.665	
762.679	
762.693	
762.693	
762.707	
762.721	
762.721	
762.735	
762.749	
762.749	
762.763	
762.777	
762.791	
762.791	
762.805	
762.819	
762.819	
762.833	
762.847	
762.861	
762.861	
762.875	
762.889	
762.889	
762.903	
762.918	
762.931	
762.931	
762.945	
762.959	
762.973	
762.973	
762.987	
763.001	
763.001	
763.015	
763.029	
763.029	
763.043	
763.057	
763.071	
763.085	
763.085	
763.099	
763.099	
763.113	
763.127	
763.141	
763.141	
763.155	
763.169	
763.169	
763.183	
763.198	
763.211	
763.211	
763.225	
763.239	
763.239	
763.253	
763.267	
763.281	
763.281	
763.295	
763.309	
763.323	
763.323	
763.337	
763.351	
763.351	
763.365	
763.379	
763.379	
763.393	
763.407	
763.421	
763.435	
763.435	
763.449	
763.449	
763.463	
763.477	
763.493	
763.493	
763.505	
763.519	
763.519	
763.533	
763.547	
763.562	
763.562	
763.575	
763.589	
763.603	
763.603	
763.617	
763.631	
763.631	
763.645	
763.659	
763.659	
763.673	
763.687	
763.701	
763.715	
763.715	
763.729	
763.729	
763.743	
763.757	
763.771	
763.785	
763.785	
763.8	
763.813	
763.813	
763.827	
763.841	
763.841	
763.855	
763.87	
763.87	
763.883	
763.897	
763.911	
763.911	
763.925	
763.939	
763.939	
763.953	
763.967	
763.981	
763.981	
763.995	
764.009	
764.009	
764.023	
764.037	
764.051	
764.051	
764.065	
764.079	
764.079	
