time	
2931.37	
2931.39	
2931.39	
2931.4	
2931.42	
2931.43	
2931.43	
2931.44	
2931.46	
2931.46	
2931.47	
2931.49	
2931.5	
2931.5	
2931.51	
2931.53	
2931.53	
2931.54	
2931.56	
2931.57	
2931.57	
2931.58	
2931.6	
2931.6	
2931.61	
2931.63	
2931.64	
2931.64	
2931.65	
2931.67	
2931.68	
2931.68	
2931.7	
2931.71	
2931.71	
2931.72	
2931.74	
2931.74	
2931.75	
2931.77	
2931.78	
2931.78	
2931.79	
2931.81	
2931.81	
2931.82	
2931.84	
2931.85	
2931.85	
2931.86	
2931.88	
2931.88	
2931.89	
2931.91	
2931.92	
2931.92	
2931.93	
2931.95	
2931.95	
2931.96	
2931.98	
2931.99	
2931.99	
2932	
2932.02	
2932.02	
2932.03	
2932.05	
2932.06	
2932.06	
2932.07	
2932.09	
2932.09	
2932.1	
2932.12	
2932.13	
2932.13	
2932.14	
2932.16	
2932.16	
2932.17	
2932.19	
2932.2	
2932.2	
2932.21	
2932.23	
2932.23	
2932.24	
2932.26	
2932.27	
2932.27	
2932.28	
2932.3	
2932.3	
2932.31	
2932.33	
2932.34	
2932.34	
2932.35	
2932.37	
2932.37	
2932.38	
2932.4	
2932.41	
2932.41	
2932.42	
2932.44	
2932.44	
2932.45	
2932.47	
2932.48	
2932.48	
2932.49	
2932.51	
2932.51	
2932.52	
2932.54	
2932.55	
2932.55	
2932.56	
2932.58	
2932.58	
2932.59	
2932.61	
2932.62	
2932.62	
2932.63	
2932.65	
2932.65	
2932.66	
2932.68	
2932.69	
2932.69	
2932.7	
2932.72	
2932.72	
2932.73	
2932.75	
2932.76	
2932.76	
2932.77	
2932.79	
2932.79	
2932.8	
2932.82	
2932.83	
2932.83	
2932.84	
2932.86	
2932.86	
2932.87	
2932.89	
2932.9	
2932.9	
2932.91	
2932.93	
2932.93	
2932.94	
2932.96	
2932.97	
2932.97	
2932.98	
2933	
2933	
2933.01	
2933.03	
2933.04	
2933.04	
2933.05	
2933.07	
2933.07	
2933.09	
2933.1	
2933.11	
2933.11	
2933.12	
2933.14	
2933.14	
2933.15	
2933.17	
2933.18	
2933.18	
2933.19	
2933.21	
2933.21	
2933.22	
2933.24	
2933.25	
2933.25	
2933.26	
2933.28	
2933.28	
2933.29	
2933.31	
2933.32	
2933.32	
2933.34	
2933.35	
2933.35	
2933.36	
2933.38	
2933.39	
2933.39	
2933.4	
2933.42	
2933.42	
2933.43	
2933.45	
2933.46	
2933.46	
2933.48	
2933.49	
2933.49	
2933.5	
2933.52	
2933.53	
2933.53	
2933.54	
2933.56	
2933.56	
2933.57	
2933.57	
2933.6	
2933.6	
2933.61	
2933.63	
2933.64	
2933.64	
2933.66	
2933.67	
2933.67	
2933.68	
2933.7	
2933.7	
2933.71	
2933.73	
2933.74	
2933.74	
2933.75	
2933.77	
2933.77	
2933.78	
2933.8	
2933.81	
2933.81	
2933.82	
2933.84	
2933.84	
2933.85	
2933.87	
2933.88	
2933.88	
2933.89	
2933.91	
2933.91	
2933.92	
2933.94	
2933.95	
2933.95	
2933.96	
2933.98	
2933.98	
2933.99	
2934.01	
2934.02	
2934.02	
2934.03	
2934.05	
2934.05	
2934.06	
2934.08	
2934.09	
2934.09	
2934.1	
2934.12	
2934.12	
2934.13	
2934.15	
2934.16	
2934.16	
2934.17	
2934.19	
2934.19	
2934.2	
2934.22	
2934.23	
2934.23	
2934.24	
2934.26	
2934.26	
2934.27	
2934.29	
2934.3	
2934.3	
2934.31	
2934.33	
2934.33	
2934.34	
2934.36	
2934.37	
2934.37	
2934.38	
2934.4	
2934.4	
2934.41	
2934.43	
2934.44	
2934.44	
2934.45	
2934.47	
2934.47	
2934.48	
2934.5	
2934.51	
2934.51	
2934.53	
2934.54	
2934.54	
2934.55	
2934.57	
2934.58	
2934.58	
2934.59	
2934.61	
2934.61	
2934.62	
2934.64	
2934.65	
2934.65	
2934.66	
2934.68	
2934.68	
2934.69	
2934.71	
2934.72	
2934.72	
2934.72	
2934.75	
2934.75	
2934.76	
2934.78	
2934.79	
2934.79	
2934.8	
2934.82	
2934.82	
2934.83	
2934.85	
2934.86	
2934.86	
2934.87	
2934.89	
2934.89	
2934.9	
2934.92	
2934.93	
2934.93	
2934.94	
2934.96	
2934.96	
2934.97	
2934.99	
2935	
2935	
2935.01	
2935.03	
2935.03	
2935.04	
2935.06	
2935.07	
2935.07	
2935.08	
2935.1	
2935.1	
2935.11	
2935.13	
2935.14	
2935.14	
2935.15	
2935.17	
2935.17	
2935.18	
2935.2	
2935.21	
2935.21	
2935.22	
2935.24	
2935.24	
2935.25	
2935.27	
2935.28	
2935.28	
2935.29	
2935.31	
2935.31	
2935.32	
2935.34	
2935.35	
2935.35	
2935.36	
2935.38	
2935.38	
2935.39	
2935.41	
2935.42	
2935.42	
2935.43	
2935.45	
2935.45	
2935.46	
2935.48	
2935.49	
2935.49	
2935.5	
2935.52	
2935.52	
2935.53	
2935.55	
2935.56	
2935.56	
2935.57	
2935.59	
2935.59	
2935.6	
2935.62	
2935.63	
2935.63	
2935.64	
2935.66	
2935.66	
2935.67	
2935.69	
2935.7	
2935.7	
2935.71	
2935.73	
2935.73	
2935.74	
2935.76	
2935.77	
2935.77	
2935.78	
2935.8	
2935.8	
2935.81	
2935.83	
2935.84	
2935.84	
2935.85	
2935.87	
2935.87	
2935.88	
2935.9	
2935.91	
2935.91	
2935.92	
2935.94	
2935.94	
2935.95	
2935.97	
2935.98	
2935.98	
2935.99	
2936.01	
2936.01	
2936.02	
2936.04	
2936.05	
2936.05	
2936.06	
2936.08	
2936.08	
2936.09	
2936.11	
2936.12	
2936.12	
2936.13	
2936.15	
2936.16	
2936.16	
2936.18	
2936.19	
2936.19	
2936.2	
2936.22	
2936.22	
2936.23	
2936.25	
2936.26	
2936.26	
2936.27	
2936.29	
2936.3	
2936.3	
2936.32	
2936.33	
2936.33	
2936.34	
2936.36	
2936.36	
2936.37	
2936.39	
2936.4	
2936.4	
2936.41	
2936.43	
2936.43	
2936.44	
2936.46	
2936.47	
2936.47	
2936.48	
2936.5	
2936.5	
2936.51	
2936.53	
2936.54	
2936.54	
2936.55	
2936.57	
2936.57	
2936.58	
2936.6	
2936.61	
2936.61	
2936.62	
2936.64	
2936.64	
2936.65	
2936.67	
2936.68	
2936.68	
2936.69	
2936.71	
2936.71	
2936.72	
2936.74	
2936.75	
2936.75	
2936.76	
2936.78	
2936.78	
2936.79	
2936.81	
2936.82	
2936.82	
2936.83	
2936.85	
2936.85	
2936.86	
2936.88	
2936.89	
2936.89	
2936.9	
2936.92	
2936.92	
2936.93	
2936.95	
2936.96	
2936.96	
2936.97	
2936.99	
2936.99	
2937	
2937.02	
2937.03	
2937.03	
2937.04	
2937.06	
2937.06	
2937.07	
2937.09	
2937.1	
2937.1	
2937.11	
2937.13	
2937.13	
2937.14	
2937.16	
2937.17	
2937.17	
2937.18	
2937.2	
2937.2	
2937.21	
2937.23	
2937.24	
2937.24	
2937.25	
2937.27	
2937.28	
2937.28	
2937.3	
2937.31	
2937.31	
2937.32	
2937.34	
2937.34	
2937.35	
2937.37	
2937.38	
2937.38	
2937.39	
2937.41	
2937.42	
2937.42	
2937.44	
2937.45	
2937.45	
2937.46	
2937.48	
2937.49	
2937.49	
2937.51	
2937.52	
2937.52	
2937.53	
2937.55	
2937.55	
2937.56	
2937.58	
2937.59	
2937.59	
2937.6	
2937.62	
2937.63	
2937.63	
2937.65	
2937.66	
2937.66	
2937.67	
2937.69	
2937.69	
2937.7	
2937.72	
2937.73	
2937.73	
2937.74	
2937.76	
2937.76	
2937.77	
2937.79	
2937.8	
2937.8	
2937.81	
2937.83	
2937.83	
2937.84	
2937.86	
2937.87	
2937.87	
2937.88	
2937.9	
2937.9	
2937.91	
2937.93	
2937.94	
2937.94	
2937.95	
2937.97	
2937.98	
2937.98	
2938	
2938.01	
2938.01	
2938.02	
2938.04	
2938.04	
2938.05	
2938.07	
2938.08	
2938.08	
2938.09	
2938.11	
2938.11	
2938.12	
2938.14	
2938.15	
2938.15	
2938.16	
2938.18	
2938.18	
2938.19	
2938.21	
2938.22	
2938.22	
2938.23	
2938.25	
2938.25	
2938.26	
2938.28	
2938.29	
2938.29	
2938.3	
2938.32	
2938.33	
2938.33	
2938.35	
2938.36	
2938.36	
2938.37	
2938.39	
2938.39	
2938.4	
2938.42	
2938.43	
2938.43	
2938.44	
2938.46	
2938.46	
2938.47	
2938.49	
2938.5	
2938.5	
2938.51	
2938.53	
2938.53	
2938.54	
2938.56	
2938.57	
2938.57	
2938.58	
2938.6	
2938.61	
2938.61	
2938.63	
2938.64	
2938.64	
2938.65	
2938.67	
2938.68	
2938.68	
2938.7	
2938.71	
2938.71	
2938.72	
2938.74	
2938.74	
2938.75	
2938.77	
2938.78	
2938.78	
2938.79	
2938.81	
2938.81	
2938.82	
2938.84	
2938.85	
2938.85	
2938.86	
2938.88	
2938.88	
2938.89	
2938.91	
2938.92	
2938.92	
2938.93	
2938.95	
2938.95	
2938.98	
2938.98	
2938.99	
2938.99	
2939	
2939.02	
2939.03	
2939.03	
2939.05	
2939.06	
2939.06	
2939.07	
2939.09	
2939.09	
2939.1	
2939.12	
2939.13	
2939.13	
2939.14	
2939.16	
2939.16	
2939.17	
2939.19	
2939.2	
2939.2	
2939.21	
2939.23	
2939.23	
2939.24	
2939.26	
2939.27	
2939.27	
2939.28	
2939.3	
2939.3	
2939.31	
2939.33	
2939.34	
2939.34	
2939.35	
2939.37	
2939.38	
2939.38	
2939.4	
2939.41	
2939.41	
2939.42	
2939.44	
2939.44	
2939.45	
2939.47	
2939.48	
2939.48	
2939.49	
2939.51	
2939.51	
2939.52	
2939.54	
2939.55	
2939.55	
2939.56	
2939.58	
2939.58	
2939.59	
2939.61	
2939.62	
2939.62	
2939.63	
2939.65	
2939.65	
2939.66	
2939.68	
2939.69	
2939.69	
2939.7	
2939.72	
2939.73	
2939.73	
2939.75	
2939.76	
2939.76	
2939.77	
