time	
2806.39	
2806.41	
2806.41	
2806.42	
2806.44	
2806.44	
2806.45	
2806.46	
2806.48	
2806.48	
2806.49	
2806.51	
2806.51	
2806.52	
2806.53	
2806.55	
2806.55	
2806.56	
2806.58	
2806.58	
2806.59	
2806.6	
2806.62	
2806.62	
2806.63	
2806.65	
2806.65	
2806.66	
2806.67	
2806.69	
2806.69	
2806.7	
2806.72	
2806.73	
2806.73	
2806.74	
2806.76	
2806.76	
2806.77	
2806.79	
2806.79	
2806.8	
2806.81	
2806.83	
2806.83	
2806.84	
2806.86	
2806.86	
2806.87	
2806.88	
2806.9	
2806.9	
2806.91	
2806.93	
2806.93	
2806.94	
2806.95	
2806.97	
2806.97	
2806.99	
2807	
2807	
2807.01	
2807.02	
2807.04	
2807.04	
2807.05	
2807.07	
2807.08	
2807.08	
2807.09	
2807.11	
2807.11	
2807.12	
2807.14	
2807.14	
2807.15	
2807.16	
2807.18	
2807.18	
2807.19	
2807.21	
2807.22	
2807.22	
2807.23	
2807.25	
2807.25	
2807.26	
2807.28	
2807.28	
2807.29	
2807.3	
2807.32	
2807.33	
2807.33	
2807.35	
2807.35	
2807.36	
2807.37	
2807.39	
2807.39	
2807.4	
2807.42	
2807.42	
2807.43	
2807.44	
2807.46	
2807.46	
2807.47	
2807.49	
2807.49	
2807.5	
2807.53	
2807.53	
2807.53	
2807.54	
2807.56	
2807.56	
2807.57	
2807.58	
2807.6	
2807.6	
2807.61	
2807.63	
2807.63	
2807.64	
2807.65	
2807.67	
2807.67	
2807.68	
2807.7	
2807.7	
2807.71	
2807.72	
2807.72	
2807.75	
2807.75	
2807.75	
2807.77	
2807.78	
2807.79	
2807.81	
2807.81	
2807.82	
2807.84	
2807.84	
2807.85	
2807.86	
2807.88	
2807.88	
2807.89	
2807.91	
2807.91	
2807.92	
2807.93	
2807.93	
2807.95	
2807.96	
2807.98	
2807.98	
2807.99	
2808.01	
2808.01	
2808.03	
2808.03	
2808.05	
2808.05	
2808.06	
2808.07	
2808.09	
2808.09	
2808.1	
2808.12	
2808.12	
2808.13	
2808.14	
2808.16	
2808.16	
2808.17	
2808.19	
2808.19	
2808.2	
2808.22	
2808.23	
2808.23	
2808.24	
2808.24	
2808.26	
2808.27	
2808.28	
2808.3	
2808.3	
2808.31	
2808.33	
2808.33	
2808.34	
2808.35	
2808.37	
2808.37	
2808.39	
2808.4	
2808.4	
2808.41	
2808.42	
2808.44	
2808.44	
2808.45	
2808.47	
2808.47	
2808.48	
2808.49	
2808.51	
2808.51	
2808.52	
2808.54	
2808.54	
2808.55	
2808.56	
2808.58	
2808.58	
2808.59	
2808.61	
2808.61	
2808.62	
2808.63	
2808.65	
2808.65	
2808.66	
2808.68	
2808.68	
2808.69	
2808.71	
2808.72	
2808.72	
2808.73	
2808.75	
2808.75	
2808.76	
2808.77	
2808.79	
2808.79	
2808.8	
2808.82	
2808.82	
2808.83	
2808.84	
2808.86	
2808.86	
2808.87	
2808.89	
2808.89	
2808.9	
2808.91	
2808.93	
2808.93	
2808.94	
2808.96	
2808.96	
2808.97	
2808.98	
2809	
2809	
2809.01	
2809.03	
2809.03	
2809.04	
2809.05	
2809.07	
2809.07	
2809.08	
2809.1	
2809.1	
2809.11	
2809.12	
2809.14	
2809.14	
2809.15	
2809.17	
2809.17	
2809.18	
2809.19	
2809.21	
2809.21	
2809.22	
2809.24	
2809.24	
2809.25	
2809.26	
2809.28	
2809.28	
2809.29	
2809.31	
2809.31	
2809.32	
2809.33	
2809.35	
2809.35	
2809.36	
2809.38	
2809.38	
2809.39	
2809.4	
2809.42	
2809.42	
2809.43	
2809.45	
2809.45	
2809.46	
2809.47	
2809.49	
2809.49	
2809.5	
2809.52	
2809.52	
2809.53	
2809.54	
2809.56	
2809.56	
2809.57	
2809.59	
2809.59	
2809.6	
2809.61	
2809.63	
2809.63	
2809.64	
2809.66	
2809.66	
2809.67	
2809.68	
2809.7	
2809.7	
2809.71	
2809.73	
2809.73	
2809.74	
2809.75	
2809.77	
2809.77	
2809.78	
2809.8	
2809.8	
2809.81	
2809.82	
2809.84	
2809.84	
2809.85	
2809.87	
2809.87	
2809.88	
2809.89	
2809.91	
2809.91	
2809.92	
2809.94	
2809.94	
2809.95	
2809.96	
2809.98	
2809.98	
2809.99	
2810.01	
2810.01	
2810.02	
2810.03	
2810.05	
2810.05	
2810.06	
2810.08	
2810.08	
2810.09	
2810.1	
2810.12	
2810.12	
2810.13	
2810.15	
2810.15	
2810.16	
2810.17	
2810.19	
2810.19	
2810.2	
2810.22	
2810.22	
2810.23	
2810.25	
2810.26	
2810.26	
2810.27	
2810.29	
2810.29	
2810.3	
2810.31	
2810.33	
2810.33	
2810.34	
2810.36	
2810.36	
2810.37	
2810.38	
2810.4	
2810.4	
2810.41	
2810.43	
2810.43	
2810.44	
2810.45	
2810.47	
2810.47	
2810.48	
2810.5	
2810.5	
2810.51	
2810.52	
2810.54	
2810.54	
2810.55	
2810.57	
2810.57	
2810.58	
2810.59	
2810.61	
2810.61	
2810.62	
2810.64	
2810.64	
2810.65	
2810.66	
2810.68	
2810.68	
2810.69	
2810.71	
2810.71	
2810.72	
2810.73	
2810.75	
2810.75	
2810.76	
2810.78	
2810.78	
2810.79	
2810.8	
2810.82	
2810.82	
2810.83	
2810.85	
2810.85	
2810.86	
2810.87	
2810.89	
2810.89	
2810.9	
2810.92	
2810.92	
2810.93	
2810.94	
2810.96	
2810.96	
2810.97	
2810.99	
2810.99	
2811	
2811.01	
2811.03	
2811.03	
2811.04	
2811.06	
2811.06	
2811.07	
2811.08	
2811.1	
2811.1	
2811.11	
2811.13	
2811.13	
2811.14	
2811.15	
2811.17	
2811.17	
2811.18	
2811.2	
2811.2	
2811.21	
2811.22	
2811.24	
2811.24	
2811.25	
2811.27	
2811.27	
2811.28	
2811.29	
2811.31	
2811.31	
2811.32	
2811.34	
2811.34	
2811.35	
2811.36	
2811.38	
2811.38	
2811.39	
2811.41	
2811.41	
2811.42	
2811.43	
2811.45	
2811.45	
2811.46	
2811.48	
2811.48	
2811.49	
2811.5	
2811.52	
2811.52	
2811.53	
2811.55	
2811.55	
2811.56	
2811.57	
2811.59	
2811.59	
2811.6	
2811.62	
2811.62	
2811.63	
2811.64	
2811.66	
2811.66	
2811.67	
2811.69	
2811.69	
2811.7	
2811.71	
2811.73	
2811.73	
2811.74	
2811.76	
2811.76	
2811.77	
2811.78	
2811.8	
2811.8	
2811.81	
2811.83	
2811.83	
2811.84	
2811.85	
2811.87	
2811.87	
2811.88	
2811.9	
2811.9	
2811.91	
2811.92	
2811.94	
2811.94	
2811.95	
2811.97	
2811.97	
2811.98	
2811.99	
2812.01	
2812.01	
2812.02	
2812.04	
2812.04	
2812.05	
2812.06	
2812.08	
2812.08	
2812.09	
2812.11	
2812.11	
2812.12	
2812.13	
2812.15	
2812.15	
2812.16	
2812.18	
2812.18	
2812.19	
2812.2	
2812.22	
2812.22	
2812.23	
2812.25	
2812.25	
2812.26	
2812.27	
2812.29	
2812.29	
2812.3	
2812.32	
2812.32	
2812.33	
2812.34	
2812.36	
2812.36	
2812.37	
2812.39	
2812.39	
2812.4	
2812.41	
2812.43	
2812.43	
2812.44	
2812.46	
2812.46	
2812.47	
2812.48	
2812.5	
2812.5	
2812.51	
2812.53	
2812.53	
2812.54	
2812.55	
2812.57	
2812.57	
2812.58	
2812.6	
2812.6	
2812.61	
2812.62	
2812.64	
2812.64	
2812.65	
2812.67	
2812.67	
2812.68	
2812.69	
2812.71	
2812.71	
2812.72	
2812.74	
2812.74	
2812.75	
2812.76	
2812.78	
2812.78	
2812.79	
2812.81	
2812.81	
2812.82	
2812.83	
2812.85	
2812.85	
2812.86	
2812.88	
2812.88	
2812.89	
2812.9	
2812.92	
2812.92	
2812.93	
2812.95	
2812.95	
2812.96	
2812.96	
2812.99	
2812.99	
2813	
2813.02	
2813.02	
2813.03	
2813.04	
2813.06	
2813.06	
2813.07	
2813.09	
2813.09	
2813.1	
2813.11	
2813.13	
2813.13	
2813.14	
2813.16	
2813.16	
2813.17	
2813.18	
2813.2	
2813.2	
2813.21	
2813.23	
2813.23	
2813.24	
2813.25	
2813.27	
2813.27	
2813.28	
2813.3	
2813.3	
2813.31	
2813.32	
2813.34	
2813.34	
2813.35	
2813.37	
2813.37	
2813.38	
2813.39	
2813.41	
2813.41	
2813.42	
2813.44	
2813.44	
2813.45	
2813.46	
2813.48	
2813.48	
2813.49	
2813.51	
2813.51	
2813.52	
2813.53	
2813.55	
2813.55	
2813.56	
2813.58	
2813.58	
2813.59	
2813.6	
2813.62	
2813.62	
2813.63	
2813.65	
2813.65	
2813.66	
2813.67	
2813.69	
2813.69	
2813.7	
2813.72	
2813.72	
2813.73	
2813.74	
2813.76	
2813.76	
2813.77	
2813.79	
2813.79	
2813.8	
2813.81	
2813.83	
2813.83	
2813.84	
2813.86	
2813.86	
2813.87	
2813.88	
2813.9	
2813.9	
2813.91	
2813.93	
2813.93	
2813.94	
2813.95	
2813.97	
2813.97	
2813.98	
2814	
2814	
2814.01	
2814.02	
2814.04	
2814.04	
2814.05	
2814.07	
2814.07	
2814.08	
2814.09	
2814.11	
2814.11	
2814.12	
2814.14	
2814.14	
2814.15	
2814.16	
2814.18	
2814.18	
2814.19	
2814.21	
2814.21	
2814.22	
2814.23	
2814.25	
2814.25	
2814.26	
2814.28	
2814.28	
2814.29	
2814.3	
2814.32	
2814.32	
2814.33	
2814.35	
2814.35	
