time	
3243.41	
3243.41	
3243.42	
3243.43	
3243.45	
3243.45	
3243.46	
3243.48	
3243.48	
3243.49	
3243.5	
3243.52	
3243.52	
3243.53	
3243.55	
3243.55	
3243.56	
3243.57	
3243.59	
3243.59	
3243.6	
3243.62	
3243.62	
3243.63	
3243.64	
3243.66	
3243.66	
3243.67	
3243.69	
3243.69	
3243.7	
3243.71	
3243.73	
3243.73	
3243.74	
3243.76	
3243.76	
3243.77	
3243.78	
3243.8	
3243.8	
3243.81	
3243.83	
3243.83	
3243.84	
3243.85	
3243.87	
3243.87	
3243.88	
3243.9	
3243.9	
3243.91	
3243.92	
3243.94	
3243.94	
3243.95	
3243.97	
3243.98	
3243.98	
3243.99	
3244.01	
3244.01	
3244.02	
3244.04	
3244.05	
3244.05	
3244.06	
3244.08	
3244.08	
3244.09	
3244.11	
3244.11	
3244.12	
3244.13	
3244.15	
3244.15	
3244.16	
3244.18	
3244.19	
3244.19	
3244.2	
3244.22	
3244.22	
3244.23	
3244.25	
3244.25	
3244.26	
3244.27	
3244.29	
3244.29	
3244.3	
3244.32	
3244.32	
3244.33	
3244.34	
3244.36	
3244.36	
3244.37	
3244.39	
3244.39	
3244.4	
3244.41	
3244.43	
3244.43	
3244.44	
3244.46	
3244.46	
3244.47	
3244.48	
3244.5	
3244.5	
3244.51	
3244.53	
3244.53	
3244.54	
3244.55	
3244.57	
3244.57	
3244.58	
3244.6	
3244.6	
3244.61	
3244.62	
3244.64	
3244.64	
3244.65	
3244.67	
3244.67	
3244.68	
3244.69	
3244.71	
3244.71	
3244.72	
3244.74	
3244.74	
3244.75	
3244.76	
3244.78	
3244.78	
3244.79	
3244.81	
3244.81	
3244.82	
3244.83	
3244.85	
3244.85	
3244.86	
3244.88	
3244.88	
3244.89	
3244.9	
3244.92	
3244.92	
3244.93	
3244.95	
3244.95	
3244.96	
3244.97	
3244.99	
3244.99	
3245	
3245.02	
3245.03	
3245.03	
3245.04	
3245.06	
3245.06	
3245.07	
3245.09	
3245.09	
3245.1	
3245.11	
3245.13	
3245.13	
3245.15	
3245.16	
3245.16	
3245.17	
3245.18	
3245.2	
3245.2	
3245.21	
3245.23	
3245.23	
3245.24	
3245.25	
3245.27	
3245.27	
3245.28	
3245.3	
3245.3	
3245.31	
3245.33	
3245.34	
3245.34	
3245.35	
3245.35	
3245.37	
3245.38	
3245.39	
3245.41	
3245.41	
3245.42	
3245.44	
3245.44	
3245.45	
3245.46	
3245.48	
3245.48	
3245.49	
3245.51	
3245.51	
3245.52	
3245.54	
3245.55	
3245.55	
3245.56	
3245.58	
3245.58	
3245.59	
3245.6	
3245.62	
3245.62	
3245.63	
3245.65	
3245.65	
3245.66	
3245.67	
3245.69	
3245.69	
3245.7	
3245.72	
3245.72	
3245.73	
3245.74	
3245.76	
3245.76	
3245.77	
3245.79	
3245.79	
3245.8	
3245.81	
3245.81	
3245.83	
3245.84	
3245.86	
3245.86	
3245.87	
3245.88	
3245.9	
3245.9	
3245.91	
3245.93	
3245.93	
3245.94	
3245.96	
3245.97	
3245.97	
3245.98	
3246	
3246	
3246.01	
3246.02	
3246.04	
3246.04	
3246.05	
3246.07	
3246.07	
3246.08	
3246.1	
3246.11	
3246.11	
3246.12	
3246.14	
3246.14	
3246.15	
3246.16	
3246.18	
3246.18	
3246.19	
3246.21	
3246.21	
3246.22	
3246.24	
3246.25	
3246.25	
3246.26	
3246.28	
3246.28	
3246.29	
3246.3	
3246.32	
3246.32	
3246.33	
3246.35	
3246.35	
3246.36	
3246.37	
3246.39	
3246.39	
3246.41	
3246.42	
3246.43	
3246.43	
3246.44	
3246.46	
3246.46	
3246.47	
3246.49	
3246.49	
3246.51	
3246.51	
3246.53	
3246.53	
3246.54	
3246.56	
3246.56	
3246.57	
3246.58	
3246.6	
3246.6	
3246.61	
3246.63	
3246.63	
3246.64	
3246.65	
3246.67	
3246.67	
3246.68	
3246.7	
3246.7	
3246.71	
3246.72	
3246.74	
3246.74	
3246.75	
3246.77	
3246.77	
3246.78	
3246.79	
3246.81	
3246.81	
3246.82	
3246.84	
3246.84	
3246.85	
3246.86	
3246.88	
3246.88	
3246.89	
3246.91	
3246.91	
3246.92	
3246.93	
3246.95	
3246.95	
3246.96	
3246.98	
3246.98	
3246.99	
3247	
3247.02	
3247.02	
3247.03	
3247.05	
3247.05	
3247.06	
3247.07	
3247.09	
3247.09	
3247.1	
3247.12	
3247.12	
3247.13	
3247.14	
3247.16	
3247.16	
3247.17	
3247.19	
3247.19	
3247.2	
3247.21	
3247.23	
3247.23	
3247.24	
3247.26	
3247.26	
3247.27	
3247.28	
3247.3	
3247.3	
3247.31	
3247.33	
3247.33	
3247.34	
3247.35	
3247.37	
3247.37	
3247.38	
3247.4	
3247.4	
3247.41	
3247.42	
3247.44	
3247.44	
3247.45	
3247.47	
3247.47	
3247.48	
3247.49	
3247.51	
3247.51	
3247.52	
3247.54	
3247.55	
3247.55	
3247.56	
3247.58	
3247.58	
3247.59	
3247.61	
3247.61	
3247.62	
3247.63	
3247.65	
3247.65	
3247.66	
3247.68	
3247.68	
3247.69	
3247.7	
3247.72	
3247.72	
3247.73	
3247.75	
3247.75	
3247.76	
3247.77	
3247.79	
3247.79	
3247.8	
3247.82	
3247.82	
3247.83	
3247.84	
3247.86	
3247.86	
3247.87	
3247.89	
3247.89	
3247.9	
3247.91	
3247.93	
3247.93	
3247.94	
3247.96	
3247.96	
3247.97	
3247.98	
3248	
3248	
3248.01	
3248.03	
3248.03	
3248.04	
3248.05	
3248.07	
3248.07	
3248.08	
3248.1	
3248.1	
3248.11	
3248.12	
3248.14	
3248.14	
3248.15	
3248.17	
3248.17	
3248.18	
3248.19	
3248.21	
3248.21	
3248.22	
3248.24	
3248.24	
3248.25	
3248.26	
3248.28	
3248.28	
3248.29	
3248.31	
3248.31	
3248.32	
3248.33	
3248.35	
3248.35	
3248.36	
3248.38	
3248.38	
3248.39	
3248.4	
3248.42	
3248.42	
3248.43	
3248.45	
3248.45	
3248.46	
3248.47	
3248.49	
3248.49	
3248.5	
3248.52	
3248.52	
3248.53	
3248.54	
3248.56	
3248.56	
3248.57	
3248.59	
3248.59	
3248.6	
3248.61	
3248.63	
3248.63	
3248.64	
3248.66	
3248.67	
3248.67	
3248.68	
3248.7	
3248.7	
3248.71	
3248.73	
3248.73	
3248.74	
3248.75	
3248.77	
3248.77	
3248.78	
3248.8	
3248.8	
3248.81	
3248.82	
3248.84	
3248.84	
3248.85	
3248.87	
3248.87	
3248.88	
3248.89	
3248.91	
3248.91	
3248.92	
3248.94	
3248.94	
3248.95	
3248.96	
3248.98	
3248.98	
3248.99	
3249.01	
3249.01	
3249.02	
3249.03	
3249.05	
3249.05	
3249.06	
3249.08	
3249.09	
3249.09	
3249.1	
3249.12	
3249.12	
3249.13	
3249.15	
3249.15	
3249.16	
3249.17	
3249.19	
3249.19	
3249.2	
3249.22	
3249.22	
3249.23	
3249.24	
3249.26	
3249.26	
3249.27	
3249.29	
3249.29	
3249.3	
3249.31	
3249.33	
3249.33	
3249.34	
3249.36	
3249.36	
3249.37	
3249.38	
3249.4	
3249.4	
3249.41	
3249.43	
3249.43	
3249.44	
3249.45	
3249.47	
3249.47	
3249.48	
3249.5	
3249.5	
3249.51	
3249.52	
3249.54	
3249.54	
3249.55	
3249.57	
3249.57	
3249.58	
3249.59	
3249.61	
3249.61	
3249.62	
3249.64	
3249.64	
3249.65	
3249.66	
3249.68	
3249.68	
3249.69	
3249.71	
3249.71	
3249.72	
3249.73	
3249.75	
3249.75	
3249.76	
3249.78	
3249.79	
3249.79	
3249.8	
3249.82	
3249.82	
3249.83	
3249.85	
3249.85	
3249.86	
3249.87	
3249.89	
3249.89	
3249.9	
3249.92	
3249.92	
3249.93	
3249.94	
3249.96	
3249.96	
3249.97	
3249.99	
3249.99	
3250	
3250.01	
3250.03	
3250.03	
3250.04	
3250.06	
3250.06	
3250.07	
3250.08	
3250.1	
3250.1	
3250.11	
3250.13	
3250.13	
3250.14	
3250.15	
3250.17	
3250.17	
3250.18	
3250.2	
3250.2	
3250.21	
3250.22	
3250.24	
3250.24	
3250.25	
3250.27	
3250.27	
3250.28	
3250.29	
3250.31	
3250.31	
3250.32	
3250.34	
3250.34	
3250.35	
3250.36	
3250.38	
3250.38	
3250.39	
3250.41	
3250.42	
3250.42	
3250.43	
3250.45	
3250.45	
3250.46	
3250.48	
3250.48	
3250.49	
3250.5	
3250.52	
3250.52	
3250.53	
3250.55	
3250.55	
3250.56	
3250.57	
3250.59	
3250.59	
3250.6	
3250.62	
3250.62	
3250.63	
3250.64	
3250.66	
3250.66	
3250.67	
3250.69	
3250.69	
3250.7	
3250.71	
3250.73	
3250.73	
3250.74	
3250.76	
3250.76	
3250.77	
3250.78	
3250.8	
3250.8	
3250.81	
3250.83	
3250.83	
3250.84	
3250.85	
3250.87	
3250.87	
3250.88	
3250.9	
3250.9	
3250.91	
3250.92	
3250.94	
3250.94	
3250.95	
3250.97	
3250.97	
3250.98	
3250.99	
3251.01	
3251.01	
3251.02	
3251.04	
3251.04	
3251.05	
3251.06	
3251.08	
3251.08	
3251.09	
3251.11	
3251.11	
3251.12	
3251.13	
3251.15	
3251.15	
3251.16	
3251.18	
3251.19	
3251.19	
3251.2	
3251.22	
3251.22	
3251.23	
3251.25	
3251.25	
