time	
3865.09	
3865.09	
3865.11	
3865.12	
3865.14	
3865.15	
3865.15	
3865.16	
3865.16	
3865.18	
3865.19	
3865.21	
3865.21	
3865.22	
3865.23	
3865.23	
3865.25	
3865.26	
3865.28	
3865.28	
3865.29	
3865.3	
3865.3	
3865.32	
3865.33	
3865.35	
3865.35	
3865.36	
3865.37	
3865.37	
3865.4	
3865.4	
3865.42	
3865.42	
3865.43	
3865.44	
3865.44	
3865.46	
3865.47	
3865.49	
3865.49	
3865.5	
3865.51	
3865.51	
3865.53	
3865.54	
3865.56	
3865.56	
3865.57	
3865.58	
3865.58	
3865.6	
3865.61	
3865.63	
3865.63	
3865.64	
3865.65	
3865.65	
3865.67	
3865.68	
3865.7	
3865.7	
3865.71	
3865.72	
3865.72	
3865.74	
3865.75	
3865.77	
3865.77	
3865.78	
3865.79	
3865.79	
3865.81	
3865.82	
3865.84	
3865.84	
3865.85	
3865.86	
3865.86	
3865.88	
3865.89	
3865.91	
3865.91	
3865.92	
3865.93	
3865.93	
3865.95	
3865.96	
3865.98	
3865.98	
3865.99	
3866	
3866	
3866.02	
3866.03	
3866.05	
3866.05	
3866.06	
3866.07	
3866.07	
3866.09	
3866.1	
3866.12	
3866.12	
3866.13	
3866.14	
3866.14	
3866.16	
3866.17	
3866.19	
3866.19	
3866.2	
3866.21	
3866.21	
3866.23	
3866.24	
3866.26	
3866.26	
3866.27	
3866.27	
3866.3	
3866.3	
3866.31	
3866.33	
3866.33	
3866.34	
3866.35	
3866.35	
3866.37	
3866.38	
3866.4	
3866.4	
3866.41	
3866.42	
3866.42	
3866.44	
3866.45	
3866.45	
3866.47	
3866.48	
3866.49	
3866.49	
3866.51	
3866.52	
3866.54	
3866.54	
3866.55	
3866.56	
3866.56	
3866.58	
3866.59	
3866.61	
3866.61	
3866.62	
3866.63	
3866.65	
3866.65	
3866.66	
3866.68	
3866.68	
3866.69	
3866.7	
3866.7	
3866.72	
3866.73	
3866.75	
3866.75	
3866.76	
3866.77	
3866.77	
3866.79	
3866.8	
3866.82	
3866.82	
3866.83	
3866.84	
3866.84	
3866.86	
3866.87	
3866.89	
3866.89	
3866.9	
3866.91	
3866.91	
3866.93	
3866.94	
3866.96	
3866.96	
3866.97	
3866.98	
3866.98	
3867	
3867.01	
3867.03	
3867.03	
3867.04	
3867.05	
3867.07	
3867.07	
3867.08	
3867.1	
3867.1	
3867.11	
3867.12	
3867.12	
3867.14	
3867.15	
3867.17	
3867.17	
3867.18	
3867.19	
3867.19	
3867.21	
3867.22	
3867.24	
3867.24	
3867.24	
3867.26	
3867.26	
3867.28	
3867.29	
3867.29	
3867.31	
3867.32	
3867.33	
3867.33	
3867.35	
3867.36	
3867.38	
3867.38	
3867.39	
3867.4	
3867.4	
3867.42	
3867.43	
3867.45	
3867.45	
3867.46	
3867.47	
3867.49	
3867.49	
3867.5	
3867.5	
3867.52	
3867.53	
3867.54	
3867.54	
3867.56	
3867.57	
3867.59	
3867.59	
3867.6	
3867.61	
3867.61	
3867.63	
3867.64	
3867.66	
3867.66	
3867.67	
3867.68	
3867.68	
3867.7	
3867.71	
3867.73	
3867.73	
3867.74	
3867.75	
3867.75	
3867.77	
3867.78	
3867.8	
3867.8	
3867.81	
3867.82	
3867.82	
3867.84	
3867.85	
3867.87	
3867.87	
3867.88	
3867.89	
3867.89	
3867.91	
3867.92	
3867.94	
3867.94	
3867.95	
3867.96	
3867.96	
3867.98	
3867.99	
3868.01	
3868.01	
3868.02	
3868.03	
3868.03	
3868.05	
3868.06	
3868.08	
3868.08	
3868.09	
3868.1	
3868.1	
3868.12	
3868.13	
3868.15	
3868.15	
3868.16	
3868.17	
3868.17	
3868.19	
3868.2	
3868.22	
3868.22	
3868.23	
3868.24	
3868.24	
3868.26	
3868.27	
3868.29	
3868.29	
3868.3	
3868.31	
3868.31	
3868.33	
3868.34	
3868.36	
3868.36	
3868.37	
3868.38	
3868.38	
3868.4	
3868.41	
3868.43	
3868.43	
3868.44	
3868.45	
3868.45	
3868.47	
3868.48	
3868.5	
3868.5	
3868.51	
3868.52	
3868.52	
3868.54	
3868.55	
3868.57	
3868.57	
3868.58	
3868.59	
3868.59	
3868.61	
3868.62	
3868.64	
3868.64	
3868.65	
3868.66	
3868.68	
3868.68	
3868.69	
3868.71	
3868.71	
3868.72	
3868.73	
3868.73	
3868.75	
3868.76	
3868.78	
3868.78	
3868.79	
3868.8	
3868.8	
3868.82	
3868.83	
3868.85	
3868.85	
3868.86	
3868.87	
3868.87	
3868.89	
3868.9	
3868.92	
3868.92	
3868.93	
3868.94	
3868.94	
3868.96	
3868.97	
3868.99	
3868.99	
3869	
3869.01	
3869.01	
3869.03	
3869.04	
3869.06	
3869.06	
3869.07	
3869.08	
3869.08	
3869.1	
3869.11	
3869.13	
3869.13	
3869.14	
3869.14	
3869.16	
3869.17	
3869.18	
3869.2	
3869.2	
3869.21	
3869.22	
3869.22	
3869.24	
3869.25	
3869.27	
3869.27	
3869.28	
3869.29	
3869.29	
3869.31	
3869.32	
3869.34	
3869.35	
3869.35	
3869.36	
3869.38	
3869.38	
3869.39	
3869.41	
3869.41	
3869.42	
3869.44	
3869.44	
3869.45	
3869.46	
3869.48	
3869.48	
3869.49	
3869.5	
3869.5	
3869.52	
3869.53	
3869.55	
3869.55	
3869.56	
3869.57	
3869.57	
3869.59	
3869.6	
3869.62	
3869.62	
3869.63	
3869.64	
3869.64	
3869.66	
3869.67	
3869.69	
3869.69	
3869.7	
3869.71	
3869.71	
3869.73	
3869.74	
3869.76	
3869.76	
3869.77	
3869.78	
3869.78	
3869.8	
3869.81	
3869.83	
3869.83	
3869.84	
3869.85	
3869.85	
3869.87	
3869.88	
3869.9	
3869.9	
3869.91	
3869.92	
3869.92	
3869.94	
3869.95	
3869.97	
3869.97	
3869.98	
3869.99	
3869.99	
3870.01	
3870.02	
3870.04	
3870.04	
3870.05	
3870.06	
3870.06	
3870.08	
3870.09	
3870.11	
3870.11	
3870.12	
3870.13	
3870.13	
3870.15	
3870.16	
3870.18	
3870.18	
3870.19	
3870.2	
3870.2	
3870.22	
3870.23	
3870.25	
3870.25	
3870.26	
3870.27	
3870.27	
3870.29	
3870.3	
3870.32	
3870.32	
3870.33	
3870.34	
3870.34	
3870.36	
3870.37	
3870.39	
3870.39	
3870.4	
3870.41	
3870.41	
3870.43	
3870.44	
3870.46	
3870.46	
3870.47	
3870.48	
3870.48	
3870.5	
3870.51	
3870.53	
3870.53	
3870.54	
3870.55	
3870.55	
3870.57	
3870.58	
3870.6	
3870.6	
3870.61	
3870.62	
3870.62	
3870.64	
3870.65	
3870.67	
3870.67	
3870.68	
3870.69	
3870.69	
3870.71	
3870.72	
3870.74	
3870.74	
3870.75	
3870.76	
3870.76	
3870.78	
3870.79	
3870.81	
3870.81	
3870.82	
3870.83	
3870.83	
3870.85	
3870.86	
3870.88	
3870.88	
3870.89	
3870.9	
3870.9	
3870.92	
3870.93	
3870.95	
3870.95	
3870.96	
3870.97	
3870.97	
3870.99	
3871	
3871.02	
3871.02	
3871.03	
3871.04	
3871.04	
3871.06	
3871.07	
3871.09	
3871.09	
3871.1	
3871.11	
3871.13	
3871.13	
3871.14	
3871.16	
3871.16	
3871.17	
3871.18	
3871.18	
3871.2	
3871.21	
3871.23	
3871.23	
3871.24	
3871.25	
3871.27	
3871.27	
3871.28	
3871.3	
3871.3	
3871.31	
3871.32	
3871.32	
3871.34	
3871.35	
3871.37	
3871.37	
3871.38	
3871.39	
3871.39	
3871.41	
3871.42	
3871.44	
3871.44	
3871.45	
3871.46	
3871.46	
3871.48	
3871.49	
3871.51	
3871.51	
3871.52	
3871.53	
3871.53	
3871.55	
3871.56	
3871.58	
3871.58	
3871.59	
3871.61	
3871.61	
3871.62	
3871.63	
3871.65	
3871.65	
3871.66	
3871.67	
3871.67	
3871.69	
3871.7	
3871.72	
3871.72	
3871.73	
3871.74	
3871.74	
3871.76	
3871.77	
3871.79	
3871.79	
3871.8	
3871.81	
3871.83	
3871.83	
3871.84	
3871.86	
3871.86	
3871.87	
3871.88	
3871.88	
3871.9	
3871.91	
3871.93	
3871.93	
3871.94	
3871.95	
3871.95	
3871.97	
3871.98	
3872	
3872	
3872.01	
3872.02	
3872.02	
3872.04	
3872.05	
3872.07	
3872.07	
3872.08	
3872.09	
3872.09	
3872.11	
3872.12	
3872.14	
3872.14	
3872.15	
3872.16	
3872.16	
