time	
3287.94	
3287.96	
3287.96	
3287.97	
3287.99	
3288	
3288	
3288.01	
3288.03	
3288.03	
3288.04	
3288.06	
3288.06	
3288.07	
3288.08	
3288.1	
3288.1	
3288.11	
3288.13	
3288.13	
3288.14	
3288.15	
3288.17	
3288.17	
3288.18	
3288.2	
3288.2	
3288.21	
3288.23	
3288.24	
3288.24	
3288.25	
3288.27	
3288.27	
3288.28	
3288.29	
3288.31	
3288.31	
3288.32	
3288.34	
3288.34	
3288.35	
3288.36	
3288.38	
3288.38	
3288.39	
3288.41	
3288.41	
3288.42	
3288.43	
3288.45	
3288.45	
3288.46	
3288.48	
3288.48	
3288.49	
3288.5	
3288.5	
3288.52	
3288.53	
3288.55	
3288.55	
3288.56	
3288.57	
3288.59	
3288.59	
3288.6	
3288.62	
3288.62	
3288.63	
3288.64	
3288.66	
3288.66	
3288.67	
3288.69	
3288.69	
3288.7	
3288.71	
3288.73	
3288.73	
3288.74	
3288.76	
3288.76	
3288.77	
3288.78	
3288.8	
3288.8	
3288.81	
3288.83	
3288.83	
3288.84	
3288.85	
3288.87	
3288.87	
3288.88	
3288.9	
3288.9	
3288.91	
3288.92	
3288.94	
3288.94	
3288.95	
3288.97	
3288.97	
3288.98	
3288.99	
3289.01	
3289.01	
3289.02	
3289.04	
3289.04	
3289.06	
3289.06	
3289.08	
3289.08	
3289.09	
3289.11	
3289.11	
3289.13	
3289.13	
3289.15	
3289.15	
3289.16	
3289.18	
3289.18	
3289.19	
3289.2	
3289.22	
3289.22	
3289.23	
3289.25	
3289.25	
3289.26	
3289.27	
3289.29	
3289.29	
3289.3	
3289.32	
3289.33	
3289.33	
3289.34	
3289.34	
3289.36	
3289.37	
3289.39	
3289.39	
3289.4	
3289.41	
3289.43	
3289.43	
3289.44	
3289.46	
3289.46	
3289.47	
3289.48	
3289.5	
3289.5	
3289.51	
3289.53	
3289.54	
3289.54	
3289.55	
3289.57	
3289.57	
3289.58	
3289.6	
3289.6	
3289.61	
3289.62	
3289.64	
3289.64	
3289.65	
3289.67	
3289.67	
3289.68	
3289.69	
3289.71	
3289.71	
3289.72	
3289.74	
3289.74	
3289.75	
3289.76	
3289.78	
3289.78	
3289.79	
3289.81	
3289.81	
3289.82	
3289.83	
3289.85	
3289.85	
3289.86	
3289.86	
3289.88	
3289.89	
3289.9	
3289.92	
3289.92	
3289.93	
3289.95	
3289.95	
3289.96	
3289.97	
3289.99	
3289.99	
3290	
3290.02	
3290.02	
3290.03	
3290.04	
3290.06	
3290.06	
3290.07	
3290.09	
3290.09	
3290.1	
3290.11	
3290.13	
3290.13	
3290.15	
3290.16	
3290.16	
3290.17	
3290.19	
3290.2	
3290.2	
3290.21	
3290.23	
3290.23	
3290.24	
3290.25	
3290.27	
3290.27	
3290.28	
3290.3	
3290.3	
3290.31	
3290.32	
3290.34	
3290.34	
3290.35	
3290.37	
3290.37	
3290.38	
3290.39	
3290.41	
3290.41	
3290.42	
3290.44	
3290.44	
3290.45	
3290.46	
3290.48	
3290.48	
3290.49	
3290.51	
3290.51	
3290.52	
3290.53	
3290.55	
3290.55	
3290.56	
3290.58	
3290.58	
3290.59	
3290.6	
3290.62	
3290.62	
3290.63	
3290.65	
3290.65	
3290.66	
3290.67	
3290.69	
3290.69	
3290.7	
3290.72	
3290.72	
3290.73	
3290.74	
3290.76	
3290.76	
3290.77	
3290.79	
3290.79	
3290.8	
3290.81	
3290.83	
3290.83	
3290.84	
3290.86	
3290.86	
3290.87	
3290.88	
3290.9	
3290.9	
3290.91	
3290.93	
3290.93	
3290.94	
3290.95	
3290.97	
3290.97	
3290.98	
3291	
3291	
3291.01	
3291.02	
3291.04	
3291.04	
3291.05	
3291.07	
3291.07	
3291.08	
3291.09	
3291.11	
3291.11	
3291.12	
3291.14	
3291.14	
3291.15	
3291.16	
3291.18	
3291.18	
3291.19	
3291.21	
3291.21	
3291.22	
3291.23	
3291.25	
3291.25	
3291.26	
3291.28	
3291.28	
3291.29	
3291.3	
3291.32	
3291.32	
3291.33	
3291.35	
3291.35	
3291.36	
3291.37	
3291.39	
3291.39	
3291.4	
3291.42	
3291.42	
3291.43	
3291.44	
3291.46	
3291.46	
3291.47	
3291.49	
3291.49	
3291.5	
3291.51	
3291.53	
3291.53	
3291.54	
3291.56	
3291.56	
3291.57	
3291.58	
3291.58	
3291.6	
3291.61	
3291.63	
3291.63	
3291.64	
3291.65	
3291.67	
3291.67	
3291.68	
3291.7	
3291.7	
3291.71	
3291.72	
3291.74	
3291.74	
3291.75	
3291.77	
3291.77	
3291.78	
3291.79	
3291.81	
3291.81	
3291.82	
3291.84	
3291.84	
3291.85	
3291.86	
3291.88	
3291.88	
3291.89	
3291.91	
3291.91	
3291.92	
3291.93	
3291.95	
3291.95	
3291.96	
3291.98	
3291.98	
3291.99	
3292	
3292.02	
3292.02	
3292.03	
3292.05	
3292.05	
3292.06	
3292.07	
3292.09	
3292.09	
3292.1	
3292.12	
3292.12	
3292.13	
3292.14	
3292.16	
3292.16	
3292.17	
3292.19	
3292.19	
3292.2	
3292.21	
3292.21	
3292.23	
3292.24	
3292.26	
3292.26	
3292.27	
3292.28	
3292.3	
3292.3	
3292.3	
3292.33	
3292.33	
3292.34	
3292.35	
3292.37	
3292.37	
3292.38	
3292.4	
3292.4	
3292.41	
3292.42	
3292.44	
3292.44	
3292.45	
3292.47	
3292.47	
3292.48	
3292.49	
3292.51	
3292.51	
3292.52	
3292.54	
3292.54	
3292.55	
3292.56	
3292.58	
3292.58	
3292.59	
3292.61	
3292.61	
3292.62	
3292.63	
3292.65	
3292.65	
3292.66	
3292.68	
3292.68	
3292.69	
3292.7	
3292.72	
3292.72	
3292.73	
3292.75	
3292.75	
3292.76	
3292.77	
3292.79	
3292.79	
3292.8	
3292.8	
3292.82	
3292.83	
3292.84	
3292.86	
3292.86	
3292.87	
3292.89	
3292.89	
3292.9	
3292.91	
3292.93	
3292.93	
3292.94	
3292.96	
3292.96	
3292.97	
3292.98	
3293	
3293	
3293.01	
3293.03	
3293.04	
3293.04	
3293.05	
3293.07	
3293.07	
3293.08	
3293.1	
3293.1	
3293.11	
3293.12	
3293.14	
3293.14	
3293.15	
3293.17	
3293.17	
3293.18	
3293.19	
3293.21	
3293.21	
3293.22	
3293.24	
3293.24	
3293.25	
3293.26	
3293.28	
3293.28	
3293.29	
3293.31	
3293.31	
3293.32	
3293.33	
3293.33	
3293.35	
3293.36	
3293.38	
3293.38	
3293.39	
3293.4	
3293.42	
3293.42	
3293.43	
3293.45	
3293.45	
3293.46	
3293.47	
3293.49	
3293.49	
3293.5	
3293.52	
3293.52	
3293.53	
3293.54	
3293.56	
3293.56	
3293.57	
3293.59	
3293.59	
3293.6	
3293.61	
3293.63	
3293.63	
3293.64	
3293.66	
3293.66	
3293.67	
3293.69	
3293.7	
3293.7	
3293.71	
3293.73	
3293.73	
3293.74	
3293.75	
3293.75	
3293.77	
3293.78	
3293.8	
3293.8	
3293.81	
3293.82	
3293.84	
3293.84	
3293.85	
3293.87	
3293.87	
3293.88	
3293.89	
3293.91	
3293.91	
3293.92	
3293.94	
3293.94	
3293.95	
3293.96	
3293.98	
3293.98	
3293.99	
3294.01	
3294.01	
3294.02	
3294.03	
3294.05	
3294.05	
3294.06	
3294.08	
3294.08	
3294.09	
3294.1	
3294.12	
3294.12	
3294.13	
3294.15	
3294.15	
3294.16	
3294.17	
3294.19	
3294.19	
3294.2	
3294.22	
3294.22	
3294.23	
3294.24	
3294.26	
3294.26	
3294.27	
3294.29	
3294.29	
3294.3	
3294.31	
3294.33	
3294.33	
3294.34	
3294.36	
3294.36	
3294.37	
3294.38	
3294.4	
3294.4	
3294.41	
3294.43	
3294.43	
3294.44	
3294.45	
3294.47	
3294.47	
3294.48	
3294.5	
3294.5	
3294.51	
3294.52	
3294.54	
3294.54	
3294.55	
3294.57	
3294.57	
3294.58	
3294.59	
3294.61	
3294.61	
3294.62	
3294.64	
3294.64	
3294.65	
3294.66	
3294.68	
3294.68	
3294.69	
3294.71	
3294.71	
3294.72	
3294.73	
3294.75	
3294.75	
3294.76	
3294.78	
3294.78	
3294.79	
3294.8	
3294.82	
3294.82	
3294.83	
3294.85	
3294.85	
3294.86	
3294.87	
3294.89	
3294.89	
3294.9	
3294.92	
3294.92	
3294.93	
3294.94	
3294.96	
3294.96	
3294.97	
3294.99	
3294.99	
3295	
3295.01	
3295.03	
3295.03	
3295.04	
3295.06	
