time	
1050.34	
1050.34	
1050.35	
1050.37	
1050.38	
1050.38	
1050.39	
1050.41	
1050.41	
1050.42	
1050.44	
1050.45	
1050.45	
1050.46	
1050.48	
1050.48	
1050.49	
1050.51	
1050.52	
1050.52	
1050.53	
1050.55	
1050.55	
1050.56	
1050.58	
1050.59	
1050.59	
1050.6	
1050.62	
1050.62	
1050.63	
1050.65	
1050.66	
1050.66	
1050.67	
1050.69	
1050.69	
1050.7	
1050.72	
1050.73	
1050.73	
1050.74	
1050.76	
1050.76	
1050.77	
1050.79	
1050.8	
1050.8	
1050.81	
1050.83	
1050.83	
1050.84	
1050.86	
1050.87	
1050.87	
1050.88	
1050.9	
1050.9	
1050.91	
1050.93	
1050.94	
1050.94	
1050.95	
1050.97	
1050.97	
1050.98	
1051	
1051.01	
1051.01	
1051.02	
1051.04	
1051.04	
1051.05	
1051.07	
1051.08	
1051.08	
1051.09	
1051.11	
1051.11	
1051.12	
1051.14	
1051.15	
1051.15	
1051.16	
1051.18	
1051.18	
1051.19	
1051.21	
1051.22	
1051.22	
1051.23	
1051.25	
1051.25	
1051.26	
1051.28	
1051.29	
1051.29	
1051.3	
1051.32	
1051.32	
1051.33	
1051.35	
1051.36	
1051.36	
1051.37	
1051.37	
1051.39	
1051.4	
1051.42	
1051.43	
1051.43	
1051.44	
1051.46	
1051.47	
1051.47	
1051.49	
1051.5	
1051.5	
1051.51	
1051.53	
1051.53	
1051.54	
1051.56	
1051.57	
1051.57	
1051.58	
1051.6	
1051.6	
1051.61	
1051.63	
1051.64	
1051.64	
1051.65	
1051.67	
1051.67	
1051.68	
1051.7	
1051.71	
1051.71	
1051.72	
1051.74	
1051.74	
1051.75	
1051.77	
1051.78	
1051.78	
1051.79	
1051.81	
1051.81	
1051.82	
1051.84	
1051.85	
1051.85	
1051.86	
1051.88	
1051.88	
1051.89	
1051.91	
1051.92	
1051.92	
1051.94	
1051.95	
1051.95	
1051.96	
1051.98	
1051.99	
1051.99	
1052	
1052.02	
1052.02	
1052.03	
1052.05	
1052.06	
1052.06	
1052.07	
1052.09	
1052.09	
1052.1	
1052.12	
1052.13	
1052.13	
1052.14	
1052.16	
1052.16	
1052.17	
1052.19	
1052.2	
1052.2	
1052.21	
1052.23	
1052.23	
1052.24	
1052.26	
1052.27	
1052.27	
1052.28	
1052.3	
1052.3	
1052.31	
1052.33	
1052.34	
1052.34	
1052.36	
1052.37	
1052.37	
1052.38	
1052.4	
1052.41	
1052.41	
1052.42	
1052.44	
1052.44	
1052.45	
1052.47	
1052.48	
1052.48	
1052.49	
1052.51	
1052.51	
1052.52	
1052.54	
1052.55	
1052.55	
1052.56	
1052.58	
1052.58	
1052.59	
1052.61	
1052.62	
1052.62	
1052.63	
1052.65	
1052.65	
1052.66	
1052.68	
1052.69	
1052.69	
1052.7	
1052.72	
1052.72	
1052.73	
1052.75	
1052.76	
1052.76	
1052.78	
1052.79	
1052.79	
1052.8	
1052.82	
1052.82	
1052.83	
1052.84	
1052.86	
1052.86	
1052.87	
1052.89	
1052.9	
1052.9	
1052.91	
1052.93	
1052.93	
1052.94	
1052.96	
1052.97	
1052.97	
1052.98	
1052.98	
1053	
1053.01	
1053.03	
1053.04	
1053.04	
1053.05	
1053.07	
1053.08	
1053.08	
1053.1	
1053.11	
1053.11	
1053.12	
1053.14	
1053.14	
1053.15	
1053.17	
1053.17	
1053.19	
1053.19	
1053.21	
1053.21	
1053.22	
1053.22	
1053.24	
1053.25	
1053.27	
1053.27	
1053.28	
1053.3	
1053.31	
1053.31	
1053.32	
1053.33	
1053.33	
1053.35	
1053.36	
1053.38	
1053.39	
1053.39	
1053.4	
1053.42	
1053.42	
1053.43	
1053.43	
1053.46	
1053.46	
1053.47	
1053.49	
1053.49	
1053.5	
1053.52	
1053.53	
1053.53	
1053.54	
1053.56	
1053.56	
1053.57	
1053.59	
1053.6	
1053.6	
1053.61	
1053.63	
1053.63	
1053.64	
1053.66	
1053.67	
1053.67	
1053.68	
1053.7	
1053.7	
1053.71	
1053.73	
1053.74	
1053.74	
1053.75	
1053.77	
1053.77	
1053.78	
1053.8	
1053.81	
1053.81	
1053.82	
1053.84	
1053.84	
1053.85	
1053.87	
1053.88	
1053.88	
1053.89	
1053.91	
1053.91	
1053.92	
1053.94	
1053.94	
1053.95	
1053.96	
1053.98	
1053.98	
1053.99	
1053.99	
1054.02	
1054.02	
1054.04	
1054.04	
1054.05	
1054.06	
1054.06	
1054.09	
1054.09	
1054.11	
1054.12	
1054.12	
1054.13	
1054.15	
1054.16	
1054.16	
1054.17	
1054.19	
1054.19	
1054.2	
1054.22	
1054.23	
1054.23	
1054.25	
1054.26	
1054.26	
1054.28	
1054.28	
1054.3	
1054.3	
1054.31	
1054.33	
1054.33	
1054.34	
1054.36	
1054.36	
1054.37	
1054.38	
1054.4	
1054.4	
1054.41	
1054.43	
1054.44	
1054.44	
1054.45	
1054.47	
1054.47	
1054.48	
1054.5	
1054.51	
1054.51	
1054.52	
1054.54	
1054.54	
1054.55	
1054.57	
1054.57	
1054.59	
1054.6	
1054.61	
1054.61	
1054.62	
1054.64	
1054.65	
1054.65	
1054.66	
1054.68	
1054.68	
1054.69	
1054.69	
1054.72	
1054.72	
1054.73	
1054.75	
1054.75	
1054.76	
1054.78	
1054.79	
1054.79	
1054.8	
1054.82	
1054.82	
1054.83	
1054.85	
1054.86	
1054.86	
1054.87	
1054.89	
1054.89	
1054.9	
1054.92	
1054.92	
1054.93	
1054.94	
1054.96	
1054.97	
1054.97	
1054.99	
1055	
1055	
1055.01	
1055.03	
1055.03	
1055.04	
1055.06	
1055.07	
1055.07	
1055.08	
1055.1	
1055.1	
1055.11	
1055.13	
1055.14	
1055.14	
1055.15	
1055.17	
1055.18	
1055.18	
1055.2	
1055.21	
1055.21	
1055.22	
1055.24	
1055.24	
1055.25	
1055.27	
1055.28	
1055.28	
1055.29	
1055.31	
1055.31	
1055.32	
1055.34	
1055.35	
1055.35	
1055.36	
1055.38	
1055.38	
1055.39	
1055.41	
1055.42	
1055.42	
1055.43	
1055.45	
1055.45	
1055.46	
1055.48	
1055.49	
1055.49	
1055.5	
1055.52	
1055.52	
1055.53	
1055.55	
1055.56	
1055.56	
1055.57	
1055.59	
1055.59	
1055.6	
1055.62	
1055.63	
1055.63	
1055.64	
1055.66	
1055.66	
1055.67	
1055.69	
1055.69	
1055.7	
1055.71	
1055.73	
1055.73	
1055.74	
1055.76	
1055.77	
1055.77	
1055.78	
1055.8	
1055.8	
1055.81	
1055.83	
1055.84	
1055.84	
1055.85	
1055.87	
1055.87	
1055.88	
1055.9	
1055.91	
1055.91	
1055.92	
1055.94	
1055.95	
1055.95	
1055.97	
1055.98	
1055.98	
1055.99	
1056.01	
1056.01	
1056.02	
1056.04	
1056.05	
1056.05	
1056.06	
1056.08	
1056.08	
1056.09	
1056.11	
1056.12	
1056.12	
1056.13	
1056.15	
1056.15	
1056.16	
1056.18	
1056.19	
1056.19	
1056.2	
1056.22	
1056.22	
1056.23	
1056.25	
1056.26	
1056.26	
1056.27	
1056.29	
1056.3	
1056.3	
1056.32	
1056.33	
1056.33	
1056.34	
1056.36	
1056.37	
1056.37	
1056.4	
1056.4	
1056.4	
1056.41	
1056.43	
1056.43	
1056.44	
1056.46	
1056.47	
1056.47	
1056.48	
1056.5	
1056.5	
1056.51	
1056.53	
1056.54	
1056.55	
1056.55	
1056.57	
1056.57	
1056.58	
1056.6	
1056.61	
1056.61	
1056.62	
1056.64	
1056.64	
1056.65	
1056.67	
1056.68	
1056.68	
1056.69	
1056.71	
1056.71	
1056.72	
1056.74	
1056.74	
1056.75	
1056.77	
1056.78	
1056.78	
1056.79	
1056.81	
1056.82	
1056.82	
1056.83	
1056.85	
1056.85	
1056.86	
1056.88	
1056.89	
1056.89	
1056.9	
1056.92	
1056.93	
1056.93	
1056.95	
1056.96	
1056.96	
1056.97	
1056.99	
1056.99	
1057	
1057.02	
1057.03	
1057.03	
1057.04	
1057.06	
1057.06	
1057.07	
1057.09	
1057.1	
1057.1	
1057.11	
1057.13	
1057.13	
1057.14	
1057.16	
1057.17	
1057.17	
1057.18	
1057.2	
1057.21	
1057.21	
1057.23	
1057.24	
1057.24	
1057.25	
1057.27	
1057.27	
1057.28	
1057.3	
1057.31	
1057.31	
1057.32	
1057.34	
1057.34	
1057.35	
1057.37	
1057.38	
1057.38	
1057.39	
1057.41	
1057.41	
1057.42	
1057.44	
1057.45	
1057.45	
1057.46	
1057.48	
1057.48	
1057.49	
1057.51	
1057.52	
1057.52	
1057.53	
1057.55	
1057.55	
1057.56	
1057.58	
1057.59	
1057.59	
1057.6	
1057.62	
1057.62	
1057.63	
1057.65	
1057.66	
1057.66	
1057.67	
1057.69	
1057.69	
1057.7	
1057.72	
1057.73	
1057.73	
1057.74	
1057.76	
1057.76	
1057.77	
1057.79	
1057.8	
1057.8	
1057.81	
1057.83	
1057.83	
1057.84	
1057.86	
1057.87	
1057.87	
1057.88	
1057.9	
1057.9	
1057.91	
1057.93	
1057.94	
1057.94	
1057.95	
1057.97	
1057.98	
1057.98	
1058	
1058.01	
1058.01	
1058.02	
1058.04	
1058.04	
1058.05	
1058.07	
1058.08	
1058.08	
1058.09	
1058.11	
1058.11	
1058.12	
1058.14	
1058.15	
1058.15	
1058.16	
1058.18	
1058.18	
1058.19	
1058.21	
1058.22	
1058.22	
1058.23	
1058.25	
1058.25	
1058.26	
1058.28	
1058.29	
1058.29	
1058.3	
1058.32	
1058.32	
1058.33	
1058.35	
1058.36	
1058.36	
1058.37	
1058.39	
1058.39	
1058.4	
1058.42	
1058.43	
1058.43	
1058.44	
1058.46	
1058.46	
1058.47	
1058.49	
1058.5	
1058.5	
1058.51	
1058.53	
1058.53	
1058.54	
1058.56	
1058.57	
1058.57	
1058.58	
1058.6	
1058.61	
1058.61	
1058.63	
1058.64	
1058.64	
1058.65	
1058.67	
1058.67	
1058.68	
1058.7	
1058.71	
1058.71	
1058.72	
1058.74	
1058.74	
1058.75	
1058.77	
1058.78	
1058.78	
1058.79	
1058.81	
1058.81	
1058.82	
1058.84	
1058.85	
1058.85	
1058.86	
1058.88	
1058.88	
1058.89	
1058.91	
1058.92	
1058.92	
1058.93	
1058.95	
1058.95	
1058.96	
1058.98	
1058.99	
1058.99	
1059	
