time	
1170.38	
1170.38	
1170.39	
1170.4	
1170.42	
1170.42	
1170.43	
1170.45	
1170.45	
1170.46	
1170.47	
1170.49	
1170.49	
1170.5	
1170.52	
1170.52	
1170.53	
1170.54	
1170.56	
1170.56	
1170.57	
1170.59	
1170.59	
1170.6	
1170.61	
1170.63	
1170.63	
1170.64	
1170.66	
1170.66	
1170.67	
1170.68	
1170.7	
1170.7	
1170.71	
1170.73	
1170.73	
1170.74	
1170.75	
1170.77	
1170.77	
1170.78	
1170.8	
1170.8	
1170.81	
1170.82	
1170.84	
1170.84	
1170.85	
1170.87	
1170.88	
1170.88	
1170.89	
1170.91	
1170.91	
1170.92	
1170.94	
1170.94	
1170.95	
1170.96	
1170.98	
1170.98	
1170.99	
1171.01	
1171.01	
1171.02	
1171.03	
1171.05	
1171.05	
1171.06	
1171.08	
1171.08	
1171.09	
1171.1	
1171.12	
1171.12	
1171.13	
1171.15	
1171.15	
1171.16	
1171.17	
1171.19	
1171.19	
1171.2	
1171.22	
1171.22	
1171.23	
1171.24	
1171.26	
1171.26	
1171.27	
1171.29	
1171.29	
1171.3	
1171.32	
1171.33	
1171.33	
1171.34	
1171.36	
1171.36	
1171.37	
1171.38	
1171.4	
1171.41	
1171.41	
1171.43	
1171.43	
1171.44	
1171.45	
1171.47	
1171.47	
1171.48	
1171.5	
1171.5	
1171.51	
1171.52	
1171.54	
1171.54	
1171.55	
1171.57	
1171.57	
1171.58	
1171.59	
1171.61	
1171.61	
1171.62	
1171.64	
1171.64	
1171.65	
1171.66	
1171.68	
1171.68	
1171.69	
1171.69	
1171.72	
1171.72	
1171.73	
1171.73	
1171.75	
1171.76	
1171.78	
1171.78	
1171.79	
1171.8	
1171.82	
1171.82	
1171.83	
1171.85	
1171.86	
1171.87	
1171.87	
1171.89	
1171.9	
1171.9	
1171.92	
1171.92	
1171.93	
1171.94	
1171.96	
1171.97	
1171.97	
1171.97	
1171.99	
1172	
1172.01	
1172.01	
1172.03	
1172.04	
1172.06	
1172.06	
1172.07	
1172.08	
1172.1	
1172.1	
1172.11	
1172.13	
1172.13	
1172.14	
1172.15	
1172.17	
1172.17	
1172.18	
1172.2	
1172.2	
1172.21	
1172.22	
1172.24	
1172.24	
1172.25	
1172.27	
1172.27	
1172.28	
1172.29	
1172.31	
1172.31	
1172.32	
1172.34	
1172.35	
1172.35	
1172.36	
1172.38	
1172.38	
1172.39	
1172.41	
1172.41	
1172.42	
1172.43	
1172.45	
1172.45	
1172.46	
1172.48	
1172.48	
1172.49	
1172.5	
1172.52	
1172.52	
1172.53	
1172.55	
1172.55	
1172.56	
1172.57	
1172.59	
1172.59	
1172.6	
1172.62	
1172.63	
1172.63	
1172.64	
1172.64	
1172.67	
1172.67	
1172.69	
1172.69	
1172.7	
1172.71	
1172.73	
1172.73	
1172.74	
1172.76	
1172.76	
1172.77	
1172.78	
1172.8	
1172.8	
1172.81	
1172.81	
1172.83	
1172.84	
1172.85	
1172.87	
1172.87	
1172.88	
1172.88	
1172.9	
1172.91	
1172.92	
1172.94	
1172.94	
1172.95	
1172.97	
1172.98	
1172.99	
1172.99	
1173.01	
1173.01	
1173.02	
1173.04	
1173.04	
1173.04	
1173.06	
1173.08	
1173.08	
1173.09	
1173.11	
1173.11	
1173.12	
1173.13	
1173.15	
1173.15	
1173.16	
1173.18	
1173.18	
1173.19	
1173.2	
1173.22	
1173.22	
1173.23	
1173.25	
1173.25	
1173.26	
1173.27	
1173.29	
1173.29	
1173.3	
1173.32	
1173.32	
1173.33	
1173.34	
1173.36	
1173.36	
1173.37	
1173.37	
1173.4	
1173.4	
1173.41	
1173.43	
1173.43	
1173.44	
1173.46	
1173.47	
1173.47	
1173.48	
1173.5	
1173.5	
1173.51	
1173.53	
1173.53	
1173.54	
1173.55	
1173.57	
1173.57	
1173.58	
1173.6	
1173.6	
1173.61	
1173.62	
1173.64	
1173.64	
1173.65	
1173.67	
1173.67	
1173.68	
1173.69	
1173.71	
1173.71	
1173.72	
1173.74	
1173.75	
1173.75	
1173.76	
1173.78	
1173.78	
1173.79	
1173.81	
1173.81	
1173.82	
1173.83	
1173.85	
1173.85	
1173.88	
1173.88	
1173.88	
1173.89	
1173.9	
1173.92	
1173.92	
1173.93	
1173.95	
1173.95	
1173.96	
1173.98	
1173.99	
1173.99	
1174	
1174.02	
1174.02	
1174.03	
1174.04	
1174.06	
1174.06	
1174.07	
1174.09	
1174.09	
1174.1	
1174.11	
1174.13	
1174.13	
1174.14	
1174.16	
1174.16	
1174.17	
1174.18	
1174.2	
1174.2	
1174.21	
1174.23	
1174.23	
1174.24	
1174.25	
1174.27	
1174.27	
1174.28	
1174.3	
1174.3	
1174.31	
1174.33	
1174.34	
1174.34	
1174.35	
1174.37	
1174.37	
1174.38	
1174.39	
1174.41	
1174.41	
1174.42	
1174.44	
1174.44	
1174.45	
1174.46	
1174.48	
1174.48	
1174.49	
1174.51	
1174.51	
1174.52	
1174.54	
1174.55	
1174.55	
1174.56	
1174.58	
1174.58	
1174.59	
1174.6	
1174.62	
1174.62	
1174.63	
1174.65	
1174.66	
1174.66	
1174.68	
1174.69	
1174.69	
1174.7	
1174.72	
1174.72	
1174.73	
1174.74	
1174.76	
1174.76	
1174.77	
1174.79	
1174.79	
1174.8	
1174.81	
1174.83	
1174.83	
1174.84	
1174.86	
1174.86	
1174.87	
1174.88	
1174.9	
1174.9	
1174.91	
1174.93	
1174.93	
1174.94	
1174.95	
1174.97	
1174.97	
1174.98	
1175	
1175	
1175.01	
1175.02	
1175.04	
1175.04	
1175.05	
1175.07	
1175.07	
1175.08	
1175.1	
1175.11	
1175.11	
1175.12	
1175.14	
1175.14	
1175.15	
1175.16	
1175.18	
1175.18	
1175.19	
1175.21	
1175.22	
1175.22	
1175.23	
1175.25	
1175.25	
1175.26	
1175.28	
1175.28	
1175.29	
1175.3	
1175.32	
1175.32	
1175.33	
1175.35	
1175.35	
1175.36	
1175.37	
1175.39	
1175.39	
1175.4	
1175.42	
1175.42	
1175.43	
1175.44	
1175.46	
1175.46	
1175.47	
1175.49	
1175.49	
1175.5	
1175.51	
1175.53	
1175.53	
1175.54	
1175.56	
1175.56	
1175.57	
1175.58	
1175.6	
1175.6	
1175.61	
1175.63	
1175.64	
1175.64	
1175.65	
1175.67	
1175.67	
1175.68	
1175.7	
1175.7	
1175.71	
1175.72	
1175.74	
1175.75	
1175.75	
1175.77	
1175.78	
1175.78	
1175.79	
1175.81	
1175.81	
1175.84	
1175.84	
1175.84	
1175.85	
1175.86	
1175.88	
1175.88	
1175.89	
1175.91	
1175.92	
1175.92	
1175.93	
1175.95	
1175.95	
1175.98	
1175.98	
1175.99	
1175.99	
1176	
1176.02	
1176.02	
1176.03	
1176.05	
1176.05	
1176.06	
1176.07	
1176.09	
1176.09	
1176.1	
1176.12	
1176.12	
1176.13	
1176.14	
1176.16	
1176.16	
1176.17	
1176.19	
1176.2	
1176.2	
1176.21	
1176.23	
1176.23	
1176.24	
1176.26	
1176.26	
1176.27	
1176.28	
1176.3	
1176.3	
1176.31	
1176.33	
1176.33	
1176.34	
1176.35	
1176.37	
1176.37	
1176.38	
1176.4	
1176.4	
1176.41	
1176.43	
1176.44	
1176.44	
1176.45	
1176.48	
1176.48	
1176.49	
1176.49	
1176.51	
1176.51	
1176.52	
1176.54	
1176.54	
1176.55	
1176.56	
1176.58	
1176.58	
1176.59	
1176.61	
1176.61	
1176.62	
1176.63	
1176.65	
1176.65	
1176.66	
1176.68	
1176.69	
1176.69	
1176.7	
1176.72	
1176.72	
1176.73	
1176.75	
1176.76	
1176.76	
1176.77	
1176.79	
1176.79	
1176.8	
1176.82	
1176.82	
1176.83	
1176.84	
1176.86	
1176.86	
1176.87	
1176.89	
1176.89	
1176.9	
1176.91	
1176.93	
1176.93	
1176.94	
1176.96	
1176.97	
1176.97	
1176.98	
1177	
1177	
1177.01	
1177.03	
1177.03	
1177.04	
1177.05	
1177.07	
1177.07	
1177.08	
1177.1	
1177.1	
1177.11	
1177.12	
1177.14	
1177.14	
1177.15	
1177.17	
1177.17	
1177.18	
1177.19	
1177.21	
1177.21	
1177.22	
1177.24	
1177.24	
1177.25	
1177.26	
1177.28	
1177.28	
1177.29	
1177.31	
1177.31	
1177.32	
1177.33	
1177.35	
1177.35	
1177.36	
1177.38	
1177.38	
1177.39	
1177.4	
1177.42	
1177.42	
1177.43	
1177.45	
1177.45	
1177.46	
1177.48	
1177.49	
1177.49	
1177.5	
1177.52	
1177.52	
1177.53	
1177.54	
1177.56	
1177.56	
1177.57	
1177.59	
1177.59	
1177.6	
1177.61	
1177.63	
1177.63	
1177.64	
1177.66	
1177.66	
1177.67	
1177.68	
1177.7	
1177.7	
1177.71	
1177.73	
1177.73	
1177.74	
1177.75	
1177.77	
1177.77	
1177.78	
1177.8	
1177.8	
1177.81	
1177.82	
1177.84	
1177.84	
1177.85	
1177.87	
1177.87	
1177.88	
1177.89	
1177.91	
1177.91	
1177.92	
1177.94	
1177.94	
1177.95	
1177.96	
1177.98	
1177.98	
1177.99	
1178.01	
1178.01	
1178.02	
1178.03	
1178.05	
1178.05	
1178.06	
1178.08	
1178.09	
1178.09	
1178.1	
1178.12	
1178.12	
1178.13	
1178.15	
1178.15	
1178.16	
1178.17	
1178.19	
1178.19	
1178.2	
1178.22	
1178.22	
1178.23	
1178.24	
1178.26	
1178.26	
1178.27	
1178.29	
1178.3	
1178.3	
1178.31	
1178.33	
1178.33	
