time	
1327.89	
1327.9	
1327.9	
1327.92	
1327.93	
1327.95	
1327.95	
1327.96	
1327.97	
1327.97	
1327.99	
1328	
1328.02	
1328.02	
1328.03	
1328.04	
1328.04	
1328.06	
1328.07	
1328.09	
1328.09	
1328.1	
1328.11	
1328.11	
1328.13	
1328.14	
1328.16	
1328.16	
1328.17	
1328.18	
1328.18	
1328.2	
1328.21	
1328.23	
1328.23	
1328.24	
1328.25	
1328.25	
1328.27	
1328.28	
1328.3	
1328.3	
1328.31	
1328.32	
1328.32	
1328.34	
1328.35	
1328.37	
1328.37	
1328.38	
1328.39	
1328.39	
1328.41	
1328.42	
1328.44	
1328.44	
1328.45	
1328.46	
1328.46	
1328.48	
1328.49	
1328.51	
1328.51	
1328.52	
1328.53	
1328.53	
1328.55	
1328.56	
1328.58	
1328.58	
1328.59	
1328.6	
1328.6	
1328.62	
1328.63	
1328.65	
1328.65	
1328.66	
1328.67	
1328.67	
1328.69	
1328.7	
1328.72	
1328.72	
1328.73	
1328.74	
1328.74	
1328.76	
1328.77	
1328.79	
1328.79	
1328.8	
1328.81	
1328.81	
1328.83	
1328.84	
1328.86	
1328.86	
1328.87	
1328.88	
1328.88	
1328.9	
1328.91	
1328.93	
1328.93	
1328.94	
1328.95	
1328.95	
1328.97	
1328.98	
1329	
1329	
1329.01	
1329.02	
1329.02	
1329.04	
1329.05	
1329.07	
1329.07	
1329.08	
1329.09	
1329.09	
1329.11	
1329.12	
1329.14	
1329.14	
1329.15	
1329.16	
1329.16	
1329.18	
1329.19	
1329.21	
1329.21	
1329.22	
1329.23	
1329.23	
1329.25	
1329.26	
1329.28	
1329.28	
1329.29	
1329.3	
1329.3	
1329.32	
1329.33	
1329.35	
1329.35	
1329.36	
1329.37	
1329.37	
1329.39	
1329.4	
1329.42	
1329.42	
1329.43	
1329.44	
1329.44	
1329.46	
1329.47	
1329.49	
1329.49	
1329.5	
1329.51	
1329.51	
1329.53	
1329.54	
1329.56	
1329.56	
1329.57	
1329.58	
1329.58	
1329.6	
1329.61	
1329.63	
1329.63	
1329.64	
1329.66	
1329.66	
1329.67	
1329.68	
1329.7	
1329.7	
1329.71	
1329.73	
1329.73	
1329.74	
1329.75	
1329.75	
1329.77	
1329.78	
1329.79	
1329.79	
1329.81	
1329.82	
1329.82	
1329.84	
1329.85	
1329.86	
1329.86	
1329.88	
1329.89	
1329.91	
1329.91	
1329.92	
1329.93	
1329.93	
1329.95	
1329.97	
1329.98	
1329.98	
1329.99	
1330	
1330	
1330.02	
1330.03	
1330.05	
1330.05	
1330.06	
1330.07	
1330.07	
1330.09	
1330.1	
1330.12	
1330.12	
1330.13	
1330.14	
1330.14	
1330.16	
1330.17	
1330.19	
1330.19	
1330.2	
1330.21	
1330.21	
1330.23	
1330.24	
1330.26	
1330.26	
1330.27	
1330.28	
1330.28	
1330.3	
1330.31	
1330.33	
1330.33	
1330.34	
1330.35	
1330.35	
1330.37	
1330.38	
1330.4	
1330.4	
1330.41	
1330.42	
1330.42	
1330.44	
1330.45	
1330.47	
1330.47	
1330.48	
1330.49	
1330.49	
1330.51	
1330.52	
1330.54	
1330.54	
1330.55	
1330.57	
1330.57	
1330.58	
1330.59	
1330.61	
1330.61	
1330.62	
1330.63	
1330.63	
1330.65	
1330.66	
1330.68	
1330.68	
1330.69	
1330.7	
1330.7	
1330.72	
1330.73	
1330.75	
1330.75	
1330.76	
1330.77	
1330.77	
1330.79	
1330.8	
1330.82	
1330.82	
1330.83	
1330.84	
1330.84	
1330.86	
1330.87	
1330.89	
1330.89	
1330.9	
1330.91	
1330.91	
1330.93	
1330.94	
1330.96	
1330.96	
1330.97	
1330.98	
1330.98	
1331	
1331.01	
1331.03	
1331.03	
1331.04	
1331.05	
1331.05	
1331.07	
1331.08	
1331.1	
1331.1	
1331.11	
1331.12	
1331.12	
1331.14	
1331.15	
1331.17	
1331.17	
1331.18	
1331.18	
1331.2	
1331.21	
1331.22	
1331.24	
1331.24	
1331.25	
1331.26	
1331.26	
1331.28	
1331.29	
1331.29	
1331.31	
1331.32	
1331.33	
1331.33	
1331.35	
1331.36	
1331.38	
1331.38	
1331.39	
1331.4	
1331.4	
1331.42	
1331.44	
1331.44	
1331.45	
1331.46	
1331.46	
1331.48	
1331.49	
1331.5	
1331.5	
1331.52	
1331.53	
1331.55	
1331.55	
1331.56	
1331.57	
1331.59	
1331.59	
1331.6	
1331.61	
1331.61	
1331.63	
1331.64	
1331.66	
1331.66	
1331.67	
1331.68	
1331.68	
1331.7	
1331.71	
1331.73	
1331.73	
1331.74	
1331.75	
1331.75	
1331.77	
1331.78	
1331.8	
1331.8	
1331.81	
1331.82	
1331.82	
1331.84	
1331.85	
1331.87	
1331.87	
1331.88	
1331.89	
1331.89	
1331.91	
1331.92	
1331.94	
1331.94	
1331.95	
1331.96	
1331.96	
1331.98	
1331.99	
1332.01	
1332.01	
1332.02	
1332.03	
1332.03	
1332.05	
1332.06	
1332.08	
1332.08	
1332.09	
1332.1	
1332.1	
1332.12	
1332.13	
1332.15	
1332.15	
1332.16	
1332.17	
1332.17	
1332.19	
1332.2	
1332.22	
1332.22	
1332.23	
1332.24	
1332.24	
1332.26	
1332.27	
1332.29	
1332.29	
1332.3	
1332.31	
1332.31	
1332.33	
1332.34	
1332.36	
1332.36	
1332.37	
1332.39	
1332.39	
1332.4	
1332.41	
1332.43	
1332.43	
1332.44	
1332.45	
1332.45	
1332.47	
1332.48	
1332.5	
1332.5	
1332.51	
1332.52	
1332.52	
1332.54	
1332.55	
1332.57	
1332.57	
1332.58	
1332.59	
1332.59	
1332.61	
1332.62	
1332.64	
1332.64	
1332.65	
1332.66	
1332.66	
1332.68	
1332.69	
1332.71	
1332.71	
1332.72	
1332.73	
1332.73	
1332.75	
1332.76	
1332.78	
1332.78	
1332.79	
1332.8	
1332.8	
1332.82	
1332.83	
1332.85	
1332.85	
1332.86	
1332.87	
1332.87	
1332.89	
1332.9	
1332.92	
1332.92	
1332.93	
1332.94	
1332.94	
1332.96	
1332.97	
1332.99	
1332.99	
1333	
1333.01	
1333.01	
1333.03	
1333.04	
1333.06	
1333.06	
1333.07	
1333.08	
1333.08	
1333.1	
1333.11	
1333.13	
1333.13	
1333.14	
1333.15	
1333.15	
1333.17	
1333.18	
1333.2	
1333.2	
1333.21	
1333.22	
1333.22	
1333.24	
1333.25	
1333.27	
1333.27	
1333.28	
1333.29	
1333.29	
1333.31	
1333.32	
1333.34	
1333.34	
1333.35	
1333.36	
1333.36	
1333.38	
1333.39	
1333.41	
1333.41	
1333.42	
1333.43	
1333.43	
1333.45	
1333.46	
1333.48	
1333.48	
1333.49	
1333.51	
1333.51	
1333.52	
1333.53	
1333.55	
1333.55	
1333.56	
1333.57	
1333.57	
1333.59	
1333.6	
1333.62	
1333.62	
1333.63	
1333.64	
1333.64	
1333.66	
1333.67	
1333.69	
1333.69	
1333.7	
1333.71	
1333.71	
1333.73	
1333.74	
1333.76	
1333.76	
1333.77	
1333.78	
1333.78	
1333.8	
1333.81	
1333.83	
1333.83	
1333.84	
1333.85	
1333.85	
1333.87	
1333.88	
1333.9	
1333.9	
1333.91	
1333.92	
1333.92	
1333.94	
1333.95	
1333.97	
1333.97	
1333.98	
1333.99	
1333.99	
1334.01	
1334.02	
1334.04	
1334.04	
1334.05	
1334.06	
1334.06	
1334.08	
1334.09	
1334.11	
1334.11	
1334.12	
1334.13	
1334.13	
1334.15	
1334.16	
1334.18	
1334.18	
1334.19	
1334.2	
1334.2	
1334.22	
1334.23	
1334.25	
1334.25	
1334.26	
1334.27	
1334.27	
1334.29	
1334.3	
1334.32	
1334.32	
1334.33	
1334.34	
1334.34	
1334.36	
1334.37	
1334.39	
1334.39	
1334.4	
1334.41	
1334.41	
1334.43	
1334.44	
1334.46	
1334.46	
1334.47	
1334.48	
1334.48	
1334.5	
1334.51	
1334.53	
1334.53	
1334.54	
1334.55	
1334.55	
1334.57	
1334.58	
1334.6	
1334.6	
1334.61	
1334.62	
1334.62	
1334.64	
1334.65	
1334.67	
1334.67	
1334.68	
1334.69	
1334.69	
1334.71	
1334.72	
1334.74	
1334.74	
1334.75	
1334.77	
1334.77	
1334.78	
1334.79	
1334.81	
1334.82	
1334.82	
1334.83	
1334.83	
1334.85	
1334.86	
1334.88	
1334.88	
1334.89	
1334.9	
1334.9	
1334.92	
1334.93	
1334.95	
1334.95	
1334.96	
1334.97	
1334.97	
1334.99	
1335	
1335.02	
1335.02	
1335.03	
1335.04	
1335.04	
1335.06	
1335.07	
1335.09	
1335.09	
1335.1	
1335.11	
1335.11	
1335.13	
1335.14	
1335.16	
1335.16	
1335.17	
1335.18	
1335.18	
1335.2	
1335.21	
1335.23	
1335.23	
1335.24	
1335.25	
1335.25	
1335.27	
1335.28	
1335.3	
1335.3	
1335.31	
1335.32	
1335.32	
1335.34	
1335.35	
1335.35	
1335.37	
1335.38	
1335.39	
1335.39	
1335.41	
1335.42	
1335.44	
1335.44	
1335.45	
1335.46	
1335.46	
1335.48	
1335.49	
1335.51	
1335.52	
1335.52	
1335.53	
1335.53	
1335.55	
1335.56	
1335.58	
1335.58	
1335.59	
1335.6	
1335.6	
1335.62	
1335.63	
1335.65	
1335.65	
1335.66	
1335.67	
1335.67	
1335.69	
1335.7	
