time	
2827.41	
2827.43	
2827.44	
2827.46	
2827.46	
2827.47	
2827.48	
2827.48	
2827.5	
2827.51	
2827.53	
2827.53	
2827.54	
2827.55	
2827.55	
2827.57	
2827.58	
2827.6	
2827.6	
2827.61	
2827.62	
2827.62	
2827.64	
2827.65	
2827.67	
2827.67	
2827.68	
2827.69	
2827.69	
2827.71	
2827.72	
2827.74	
2827.74	
2827.75	
2827.76	
2827.76	
2827.78	
2827.79	
2827.81	
2827.81	
2827.82	
2827.83	
2827.83	
2827.85	
2827.86	
2827.88	
2827.88	
2827.89	
2827.9	
2827.9	
2827.92	
2827.93	
2827.95	
2827.95	
2827.96	
2827.97	
2827.97	
2827.99	
2828	
2828.02	
2828.02	
2828.03	
2828.04	
2828.04	
2828.06	
2828.07	
2828.09	
2828.09	
2828.1	
2828.11	
2828.11	
2828.13	
2828.14	
2828.16	
2828.16	
2828.17	
2828.18	
2828.18	
2828.2	
2828.21	
2828.23	
2828.23	
2828.24	
2828.25	
2828.25	
2828.27	
2828.28	
2828.3	
2828.3	
2828.31	
2828.32	
2828.32	
2828.34	
2828.35	
2828.37	
2828.37	
2828.38	
2828.39	
2828.39	
2828.41	
2828.42	
2828.44	
2828.44	
2828.45	
2828.46	
2828.46	
2828.48	
2828.49	
2828.51	
2828.51	
2828.52	
2828.53	
2828.53	
2828.55	
2828.56	
2828.58	
2828.58	
2828.59	
2828.6	
2828.6	
2828.62	
2828.63	
2828.65	
2828.65	
2828.66	
2828.67	
2828.67	
2828.69	
2828.7	
2828.72	
2828.72	
2828.73	
2828.74	
2828.74	
2828.76	
2828.77	
2828.79	
2828.79	
2828.8	
2828.81	
2828.81	
2828.83	
2828.84	
2828.86	
2828.86	
2828.87	
2828.88	
2828.88	
2828.9	
2828.91	
2828.93	
2828.93	
2828.94	
2828.95	
2828.95	
2828.97	
2828.98	
2829	
2829	
2829.01	
2829.02	
2829.02	
2829.04	
2829.05	
2829.07	
2829.07	
2829.08	
2829.09	
2829.09	
2829.11	
2829.12	
2829.14	
2829.14	
2829.15	
2829.17	
2829.17	
2829.18	
2829.19	
2829.19	
2829.21	
2829.22	
2829.23	
2829.23	
2829.25	
2829.26	
2829.28	
2829.28	
2829.29	
2829.3	
2829.3	
2829.32	
2829.33	
2829.35	
2829.35	
2829.36	
2829.37	
2829.37	
2829.39	
2829.4	
2829.42	
2829.42	
2829.43	
2829.44	
2829.44	
2829.46	
2829.47	
2829.49	
2829.49	
2829.5	
2829.51	
2829.51	
2829.53	
2829.55	
2829.56	
2829.56	
2829.57	
2829.58	
2829.58	
2829.6	
2829.61	
2829.63	
2829.63	
2829.64	
2829.65	
2829.65	
2829.67	
2829.69	
2829.7	
2829.7	
2829.71	
2829.72	
2829.72	
2829.74	
2829.75	
2829.77	
2829.77	
2829.78	
2829.79	
2829.79	
2829.81	
2829.82	
2829.84	
2829.84	
2829.85	
2829.86	
2829.86	
2829.88	
2829.89	
2829.91	
2829.91	
2829.92	
2829.93	
2829.93	
2829.95	
2829.96	
2829.98	
2829.98	
2829.99	
2830	
2830	
2830.02	
2830.03	
2830.05	
2830.05	
2830.06	
2830.07	
2830.07	
2830.09	
2830.11	
2830.12	
2830.12	
2830.13	
2830.14	
2830.14	
2830.16	
2830.17	
2830.19	
2830.19	
2830.2	
2830.21	
2830.21	
2830.23	
2830.24	
2830.26	
2830.26	
2830.27	
2830.28	
2830.28	
2830.3	
2830.31	
2830.33	
2830.33	
2830.34	
2830.35	
2830.35	
2830.37	
2830.38	
2830.38	
2830.4	
2830.41	
2830.42	
2830.42	
2830.44	
2830.45	
2830.47	
2830.47	
2830.48	
2830.49	
2830.49	
2830.51	
2830.52	
2830.52	
2830.54	
2830.55	
2830.56	
2830.56	
2830.58	
2830.59	
2830.61	
2830.61	
2830.62	
2830.63	
2830.63	
2830.65	
2830.66	
2830.68	
2830.68	
2830.69	
2830.7	
2830.7	
2830.72	
2830.74	
2830.75	
2830.75	
2830.76	
2830.77	
2830.79	
2830.79	
2830.8	
2830.82	
2830.82	
2830.83	
2830.84	
2830.86	
2830.86	
2830.87	
2830.89	
2830.89	
2830.9	
2830.91	
2830.91	
2830.93	
2830.94	
2830.96	
2830.96	
2830.97	
2830.98	
2830.98	
2831	
2831.01	
2831.03	
2831.03	
2831.04	
2831.05	
2831.05	
2831.07	
2831.08	
2831.1	
2831.1	
2831.11	
2831.12	
2831.14	
2831.14	
2831.15	
2831.17	
2831.17	
2831.18	
2831.19	
2831.19	
2831.21	
2831.22	
2831.24	
2831.24	
2831.25	
2831.26	
2831.26	
2831.28	
2831.29	
2831.31	
2831.31	
2831.32	
2831.33	
2831.33	
2831.35	
2831.36	
2831.38	
2831.38	
2831.39	
2831.4	
2831.42	
2831.42	
2831.43	
2831.45	
2831.45	
2831.46	
2831.47	
2831.47	
2831.49	
2831.5	
2831.52	
2831.52	
2831.53	
2831.54	
2831.54	
2831.56	
2831.57	
2831.59	
2831.59	
2831.6	
2831.61	
2831.61	
2831.63	
2831.64	
2831.66	
2831.66	
2831.67	
2831.68	
2831.68	
2831.71	
2831.71	
2831.73	
2831.74	
2831.74	
2831.75	
2831.75	
2831.77	
2831.78	
2831.8	
2831.8	
2831.81	
2831.82	
2831.84	
2831.84	
2831.85	
2831.87	
2831.87	
2831.88	
2831.89	
2831.89	
2831.91	
2831.92	
2831.94	
2831.94	
2831.95	
2831.96	
2831.96	
2831.98	
2831.99	
2832.01	
2832.01	
2832.02	
2832.03	
2832.03	
2832.05	
2832.06	
2832.08	
2832.08	
2832.09	
2832.1	
2832.1	
2832.12	
2832.13	
2832.15	
2832.16	
2832.16	
2832.17	
2832.17	
2832.19	
2832.2	
2832.22	
2832.22	
2832.23	
2832.24	
2832.26	
2832.26	
2832.27	
2832.29	
2832.3	
2832.3	
2832.31	
2832.31	
2832.33	
2832.34	
2832.36	
2832.36	
2832.37	
2832.38	
2832.38	
2832.4	
2832.41	
2832.43	
2832.43	
2832.44	
2832.45	
2832.45	
2832.47	
2832.48	
2832.5	
2832.5	
2832.51	
2832.52	
2832.52	
2832.54	
2832.55	
2832.57	
2832.57	
2832.58	
2832.59	
2832.59	
2832.61	
2832.62	
2832.64	
2832.64	
2832.65	
2832.66	
2832.66	
2832.68	
2832.69	
2832.71	
2832.71	
2832.72	
2832.73	
2832.73	
2832.75	
2832.76	
2832.78	
2832.78	
2832.79	
2832.8	
2832.82	
2832.82	
2832.83	
2832.85	
2832.85	
2832.86	
2832.87	
2832.87	
2832.89	
2832.9	
2832.92	
2832.92	
2832.93	
2832.94	
2832.94	
2832.96	
2832.97	
2832.99	
2832.99	
2833	
2833.01	
2833.03	
2833.03	
2833.04	
2833.06	
2833.06	
2833.07	
2833.08	
2833.1	
2833.1	
2833.11	
2833.13	
2833.13	
2833.14	
2833.15	
2833.15	
2833.17	
2833.18	
2833.2	
2833.21	
2833.21	
2833.22	
2833.22	
2833.24	
2833.25	
2833.27	
2833.27	
2833.28	
2833.29	
2833.29	
2833.31	
2833.32	
2833.34	
2833.34	
2833.35	
2833.36	
2833.36	
2833.38	
2833.39	
2833.41	
2833.41	
2833.42	
2833.43	
2833.43	
2833.45	
2833.46	
2833.48	
2833.48	
2833.49	
2833.5	
2833.5	
2833.52	
2833.53	
2833.55	
2833.55	
2833.56	
2833.57	
2833.57	
2833.59	
2833.6	
2833.62	
2833.62	
2833.63	
2833.64	
2833.64	
2833.66	
2833.67	
2833.69	
2833.69	
2833.7	
2833.71	
2833.71	
2833.73	
2833.74	
2833.76	
2833.76	
2833.77	
2833.78	
2833.78	
2833.8	
2833.81	
2833.83	
2833.83	
2833.84	
2833.85	
2833.85	
2833.87	
2833.88	
2833.9	
2833.9	
2833.91	
2833.92	
2833.92	
2833.94	
2833.95	
2833.97	
2833.97	
2833.98	
2833.99	
2833.99	
2834.01	
2834.02	
2834.04	
2834.04	
2834.05	
2834.06	
2834.06	
2834.08	
2834.09	
2834.11	
2834.11	
2834.12	
2834.13	
2834.13	
2834.15	
2834.16	
2834.18	
2834.18	
2834.19	
2834.2	
2834.2	
2834.22	
2834.23	
2834.25	
2834.25	
2834.26	
2834.27	
2834.27	
2834.29	
2834.3	
2834.32	
2834.32	
2834.33	
2834.34	
2834.34	
2834.36	
2834.37	
2834.39	
2834.39	
2834.4	
2834.41	
2834.41	
2834.43	
2834.44	
2834.46	
2834.46	
2834.47	
2834.48	
2834.48	
2834.5	
2834.51	
2834.53	
2834.53	
2834.54	
2834.55	
2834.55	
2834.57	
2834.58	
2834.6	
2834.6	
2834.61	
2834.62	
