time	
1391.71	
1391.71	
1391.73	
1391.74	
1391.74	
1391.76	
1391.77	
1391.78	
1391.78	
1391.8	
1391.81	
1391.81	
1391.83	
1391.84	
1391.85	
1391.85	
1391.87	
1391.88	
1391.88	
1391.9	
1391.91	
1391.92	
1391.92	
1391.94	
1391.95	
1391.95	
1391.97	
1391.98	
1391.99	
1391.99	
1392.01	
1392.02	
1392.02	
1392.04	
1392.05	
1392.06	
1392.06	
1392.08	
1392.09	
1392.11	
1392.11	
1392.12	
1392.13	
1392.13	
1392.15	
1392.16	
1392.16	
1392.19	
1392.19	
1392.2	
1392.2	
1392.22	
1392.23	
1392.23	
1392.25	
1392.26	
1392.27	
1392.27	
1392.29	
1392.3	
1392.3	
1392.32	
1392.33	
1392.34	
1392.34	
1392.36	
1392.37	
1392.37	
1392.39	
1392.4	
1392.41	
1392.41	
1392.46	
1392.46	
1392.47	
1392.47	
1392.48	
1392.5	
1392.5	
1392.51	
1392.53	
1392.54	
1392.55	
1392.55	
1392.55	
1392.57	
1392.58	
1392.6	
1392.6	
1392.61	
1392.62	
1392.64	
1392.65	
1392.65	
1392.67	
1392.68	
1392.69	
1392.69	
1392.71	
1392.71	
1392.72	
1392.74	
1392.75	
1392.76	
1392.76	
1392.78	
1392.79	
1392.81	
1392.81	
1392.82	
1392.82	
1392.83	
1392.85	
1392.85	
1392.86	
1392.88	
1392.88	
1392.89	
1392.9	
1392.92	
1392.92	
1392.93	
1392.95	
1392.96	
1392.96	
1392.97	
1392.99	
1392.99	
1393	
1393.02	
1393.02	
1393.03	
1393.04	
1393.06	
1393.06	
1393.07	
1393.09	
1393.09	
1393.11	
1393.11	
1393.11	
1393.13	
1393.14	
1393.16	
1393.16	
1393.17	
1393.18	
1393.18	
1393.2	
1393.21	
1393.23	
1393.23	
1393.24	
1393.25	
1393.27	
1393.27	
1393.28	
1393.3	
1393.3	
1393.31	
1393.33	
1393.34	
1393.34	
1393.35	
1393.37	
1393.37	
1393.38	
1393.39	
1393.41	
1393.41	
1393.42	
1393.44	
1393.44	
1393.45	
1393.46	
1393.48	
1393.48	
1393.49	
1393.51	
1393.51	
1393.52	
1393.53	
1393.55	
1393.55	
1393.56	
1393.56	
1393.58	
1393.59	
1393.61	
1393.62	
1393.62	
1393.63	
1393.65	
1393.65	
1393.66	
1393.67	
1393.69	
1393.69	
1393.7	
1393.72	
1393.72	
1393.73	
1393.74	
1393.76	
1393.76	
1393.77	
1393.79	
1393.79	
1393.8	
1393.81	
1393.83	
1393.84	
1393.84	
1393.86	
1393.86	
1393.87	
1393.88	
1393.9	
1393.9	
1393.91	
1393.93	
1393.93	
1393.94	
1393.95	
1393.97	
1393.97	
1393.98	
1394	
1394.01	
1394.01	
1394.02	
1394.04	
1394.04	
1394.05	
1394.07	
1394.07	
1394.08	
1394.09	
1394.11	
1394.11	
1394.12	
1394.14	
1394.14	
1394.15	
1394.16	
1394.18	
1394.18	
1394.19	
1394.21	
1394.21	
1394.22	
1394.23	
1394.23	
1394.25	
1394.26	
1394.28	
1394.28	
1394.29	
1394.31	
1394.32	
1394.32	
1394.33	
1394.35	
1394.35	
1394.36	
1394.38	
1394.39	
1394.39	
1394.4	
1394.42	
1394.42	
1394.43	
1394.44	
1394.46	
1394.46	
1394.47	
1394.49	
1394.49	
1394.51	
1394.51	
1394.51	
1394.53	
1394.54	
1394.56	
1394.56	
1394.57	
1394.58	
1394.6	
1394.6	
1394.61	
1394.63	
1394.63	
1394.64	
1394.65	
1394.67	
1394.67	
1394.68	
1394.7	
1394.71	
1394.71	
1394.72	
1394.74	
1394.74	
1394.75	
1394.77	
1394.77	
1394.78	
1394.79	
1394.81	
1394.81	
1394.82	
1394.84	
1394.84	
1394.85	
1394.86	
1394.88	
1394.88	
1394.89	
1394.91	
1394.91	
1394.92	
1394.93	
1394.95	
1394.95	
1394.96	
1394.98	
1394.98	
1394.99	
1395	
1395.02	
1395.02	
1395.03	
1395.05	
1395.05	
1395.06	
1395.07	
1395.09	
1395.09	
1395.1	
1395.12	
1395.12	
1395.13	
1395.14	
1395.16	
1395.16	
1395.17	
1395.19	
1395.19	
1395.2	
1395.21	
1395.23	
1395.23	
1395.24	
1395.26	
1395.26	
1395.27	
1395.28	
1395.3	
1395.3	
1395.31	
1395.33	
1395.34	
1395.34	
1395.35	
1395.35	
1395.38	
1395.38	
1395.4	
1395.4	
1395.41	
1395.42	
1395.44	
1395.44	
1395.45	
1395.47	
1395.47	
1395.48	
1395.49	
1395.51	
1395.51	
1395.52	
1395.54	
1395.54	
1395.55	
1395.56	
1395.58	
1395.58	
1395.59	
1395.61	
1395.61	
1395.62	
1395.63	
1395.65	
1395.65	
1395.66	
1395.68	
1395.68	
1395.69	
1395.7	
1395.72	
1395.72	
1395.73	
1395.75	
1395.75	
1395.76	
1395.77	
1395.79	
1395.79	
1395.8	
1395.82	
1395.82	
1395.83	
1395.84	
1395.86	
1395.86	
1395.87	
1395.89	
1395.89	
1395.9	
1395.91	
1395.93	
1395.93	
1395.94	
1395.96	
1395.96	
1395.97	
1395.98	
1396	
1396	
1396.01	
1396.03	
1396.03	
1396.04	
1396.05	
1396.07	
1396.07	
1396.08	
1396.1	
1396.1	
1396.11	
1396.12	
1396.14	
1396.14	
1396.15	
1396.17	
1396.17	
1396.18	
1396.19	
1396.21	
1396.21	
1396.22	
1396.24	
1396.24	
1396.25	
1396.26	
1396.28	
1396.28	
1396.29	
1396.31	
1396.31	
1396.32	
1396.33	
1396.35	
1396.35	
1396.36	
1396.38	
1396.38	
1396.39	
1396.4	
1396.42	
1396.42	
1396.43	
1396.45	
1396.45	
1396.46	
1396.47	
1396.49	
1396.49	
1396.5	
1396.52	
1396.52	
1396.53	
1396.54	
1396.54	
1396.56	
1396.57	
1396.59	
1396.59	
1396.6	
1396.61	
1396.63	
1396.63	
1396.65	
1396.65	
1396.66	
1396.67	
1396.68	
1396.7	
1396.7	
1396.71	
1396.73	
1396.73	
1396.74	
1396.75	
1396.77	
1396.77	
1396.78	
1396.8	
1396.8	
1396.81	
1396.82	
1396.84	
1396.84	
1396.85	
1396.87	
1396.87	
1396.88	
1396.89	
1396.91	
1396.91	
1396.92	
1396.94	
1396.95	
1396.95	
1396.96	
1396.98	
1396.98	
1396.99	
1397.01	
1397.01	
1397.02	
1397.03	
1397.05	
1397.05	
1397.06	
1397.06	
1397.08	
1397.09	
1397.1	
1397.12	
1397.12	
1397.14	
1397.15	
1397.15	
1397.16	
1397.17	
1397.19	
1397.19	
1397.2	
1397.22	
1397.22	
1397.23	
1397.25	
1397.26	
1397.26	
1397.27	
1397.29	
1397.3	
1397.3	
1397.31	
1397.31	
1397.33	
1397.34	
1397.36	
1397.36	
1397.37	
1397.38	
1397.4	
1397.4	
1397.41	
1397.43	
1397.43	
1397.44	
1397.45	
1397.47	
1397.47	
1397.48	
1397.5	
1397.5	
1397.51	
1397.52	
1397.54	
1397.54	
1397.55	
1397.55	
1397.58	
1397.58	
1397.6	
1397.61	
1397.61	
1397.62	
1397.64	
1397.64	
1397.65	
1397.66	
1397.68	
1397.68	
1397.69	
1397.71	
1397.71	
1397.72	
1397.73	
1397.75	
1397.75	
1397.76	
1397.78	
1397.78	
1397.79	
1397.8	
1397.82	
1397.82	
1397.83	
1397.85	
1397.85	
1397.86	
1397.87	
1397.89	
1397.89	
1397.9	
1397.92	
1397.92	
1397.93	
1397.94	
1397.96	
1397.96	
1397.97	
1397.99	
1397.99	
1398	
1398.01	
1398.03	
1398.03	
1398.04	
1398.06	
1398.06	
1398.07	
1398.07	
1398.1	
1398.1	
1398.11	
1398.13	
1398.13	
1398.14	
1398.15	
1398.17	
1398.17	
1398.18	
1398.2	
1398.21	
1398.21	
1398.22	
1398.24	
1398.24	
1398.25	
1398.27	
1398.27	
1398.28	
1398.29	
1398.31	
1398.31	
1398.32	
1398.34	
1398.35	
1398.35	
1398.37	
1398.38	
1398.38	
1398.39	
1398.41	
1398.41	
1398.42	
1398.43	
1398.45	
1398.45	
1398.46	
1398.48	
1398.48	
1398.49	
1398.5	
1398.52	
1398.52	
1398.53	
1398.55	
1398.55	
1398.56	
1398.57	
1398.59	
1398.59	
1398.6	
1398.62	
1398.62	
1398.63	
1398.65	
1398.66	
1398.66	
1398.67	
1398.69	
1398.69	
1398.7	
1398.71	
1398.71	
1398.73	
1398.74	
1398.76	
1398.77	
1398.77	
1398.78	
1398.78	
1398.8	
1398.81	
1398.83	
1398.83	
1398.84	
1398.85	
1398.87	
1398.87	
1398.88	
1398.9	
1398.9	
1398.91	
1398.92	
1398.94	
1398.94	
1398.95	
1398.97	
1398.97	
1398.98	
1398.99	
1399.01	
1399.01	
1399.02	
1399.04	
1399.05	
1399.05	
1399.06	
1399.08	
1399.08	
1399.09	
1399.11	
1399.11	
1399.12	
1399.13	
1399.15	
1399.15	
1399.16	
1399.18	
1399.18	
1399.19	
1399.2	
1399.22	
1399.22	
1399.23	
1399.25	
1399.25	
1399.26	
1399.27	
1399.29	
1399.29	
1399.3	
1399.32	
1399.32	
1399.33	
1399.34	
1399.36	
1399.36	
1399.37	
1399.39	
1399.39	
1399.4	
1399.41	
1399.43	
1399.43	
1399.44	
1399.46	
1399.47	
1399.47	
1399.48	
1399.5	
1399.5	
1399.51	
1399.53	
1399.53	
1399.54	
1399.55	
1399.57	
1399.57	
1399.58	
1399.6	
