time	
2984.02	
2984.02	
2984.03	
2984.05	
2984.05	
2984.06	
2984.07	
2984.09	
2984.09	
2984.1	
2984.12	
2984.12	
2984.13	
2984.14	
2984.16	
2984.16	
2984.17	
2984.19	
2984.19	
2984.2	
2984.21	
2984.23	
2984.23	
2984.24	
2984.26	
2984.26	
2984.27	
2984.28	
2984.3	
2984.3	
2984.31	
2984.33	
2984.33	
2984.34	
2984.35	
2984.35	
2984.37	
2984.38	
2984.4	
2984.4	
2984.41	
2984.42	
2984.44	
2984.44	
2984.45	
2984.47	
2984.47	
2984.48	
2984.49	
2984.51	
2984.51	
2984.52	
2984.54	
2984.54	
2984.55	
2984.56	
2984.58	
2984.58	
2984.59	
2984.61	
2984.61	
2984.62	
2984.63	
2984.65	
2984.65	
2984.66	
2984.68	
2984.68	
2984.69	
2984.7	
2984.72	
2984.72	
2984.73	
2984.75	
2984.75	
2984.76	
2984.77	
2984.79	
2984.79	
2984.8	
2984.82	
2984.82	
2984.83	
2984.84	
2984.86	
2984.86	
2984.87	
2984.89	
2984.89	
2984.9	
2984.91	
2984.93	
2984.93	
2984.94	
2984.96	
2984.96	
2984.97	
2984.98	
2985	
2985	
2985.01	
2985.03	
2985.03	
2985.04	
2985.05	
2985.07	
2985.07	
2985.08	
2985.1	
2985.1	
2985.11	
2985.12	
2985.14	
2985.14	
2985.15	
2985.17	
2985.17	
2985.18	
2985.19	
2985.21	
2985.21	
2985.22	
2985.24	
2985.24	
2985.25	
2985.27	
2985.28	
2985.28	
2985.29	
2985.31	
2985.31	
2985.32	
2985.33	
2985.35	
2985.35	
2985.36	
2985.38	
2985.38	
2985.39	
2985.4	
2985.42	
2985.42	
2985.43	
2985.45	
2985.45	
2985.46	
2985.47	
2985.49	
2985.49	
2985.5	
2985.5	
2985.52	
2985.53	
2985.54	
2985.56	
2985.56	
2985.57	
2985.59	
2985.59	
2985.6	
2985.61	
2985.63	
2985.63	
2985.64	
2985.66	
2985.66	
2985.67	
2985.68	
2985.7	
2985.7	
2985.71	
2985.73	
2985.73	
2985.74	
2985.75	
2985.77	
2985.77	
2985.78	
2985.8	
2985.8	
2985.81	
2985.82	
2985.84	
2985.84	
2985.85	
2985.87	
2985.87	
2985.88	
2985.89	
2985.91	
2985.91	
2985.92	
2985.94	
2985.94	
2985.95	
2985.96	
2985.98	
2985.98	
2985.99	
2986.01	
2986.01	
2986.02	
2986.03	
2986.03	
2986.05	
2986.06	
2986.08	
2986.08	
2986.09	
2986.1	
2986.12	
2986.12	
2986.13	
2986.15	
2986.15	
2986.16	
2986.17	
2986.19	
2986.19	
2986.2	
2986.22	
2986.22	
2986.23	
2986.24	
2986.26	
2986.26	
2986.27	
2986.29	
2986.29	
2986.3	
2986.31	
2986.33	
2986.33	
2986.34	
2986.34	
2986.36	
2986.37	
2986.38	
2986.4	
2986.4	
2986.41	
2986.43	
2986.43	
2986.44	
2986.45	
2986.47	
2986.47	
2986.48	
2986.5	
2986.5	
2986.51	
2986.52	
2986.54	
2986.54	
2986.55	
2986.57	
2986.57	
2986.58	
2986.59	
2986.61	
2986.61	
2986.62	
2986.64	
2986.64	
2986.65	
2986.66	
2986.68	
2986.68	
2986.69	
2986.71	
2986.71	
2986.72	
2986.73	
2986.75	
2986.75	
2986.76	
2986.78	
2986.79	
2986.79	
2986.8	
2986.82	
2986.82	
2986.83	
2986.85	
2986.85	
2986.86	
2986.87	
2986.89	
2986.89	
2986.91	
2986.92	
2986.92	
2986.93	
2986.94	
2986.96	
2986.96	
2986.97	
2986.99	
2986.99	
2987	
2987.01	
2987.03	
2987.03	
2987.04	
2987.06	
2987.06	
2987.07	
2987.08	
2987.1	
2987.1	
2987.11	
2987.13	
2987.13	
2987.14	
2987.15	
2987.17	
2987.17	
2987.18	
2987.2	
2987.2	
2987.21	
2987.22	
2987.24	
2987.24	
2987.25	
2987.27	
2987.27	
2987.28	
2987.29	
2987.31	
2987.31	
2987.32	
2987.34	
2987.34	
2987.35	
2987.36	
2987.38	
2987.38	
2987.39	
2987.41	
2987.41	
2987.42	
2987.43	
2987.45	
2987.45	
2987.46	
2987.48	
2987.48	
2987.49	
2987.5	
2987.52	
2987.52	
2987.53	
2987.55	
2987.55	
2987.56	
2987.57	
2987.59	
2987.59	
2987.6	
2987.62	
2987.62	
2987.63	
2987.64	
2987.66	
2987.66	
2987.67	
2987.69	
2987.69	
2987.7	
2987.71	
2987.73	
2987.73	
2987.74	
2987.76	
2987.76	
2987.77	
2987.78	
2987.8	
2987.8	
2987.81	
2987.83	
2987.83	
2987.84	
2987.85	
2987.87	
2987.87	
2987.88	
2987.9	
2987.9	
2987.91	
2987.92	
2987.94	
2987.94	
2987.95	
2987.97	
2987.97	
2987.98	
2987.99	
2988.01	
2988.01	
2988.02	
2988.04	
2988.04	
2988.05	
2988.06	
2988.08	
2988.08	
2988.09	
2988.11	
2988.11	
2988.12	
2988.13	
2988.15	
2988.15	
2988.16	
2988.18	
2988.18	
2988.19	
2988.2	
2988.22	
2988.22	
2988.23	
2988.25	
2988.25	
2988.26	
2988.27	
2988.29	
2988.29	
2988.3	
2988.32	
2988.32	
2988.33	
2988.34	
2988.36	
2988.36	
2988.37	
2988.39	
2988.39	
2988.4	
2988.41	
2988.43	
2988.43	
2988.44	
2988.46	
2988.46	
2988.47	
2988.48	
2988.5	
2988.5	
2988.51	
2988.53	
2988.53	
2988.54	
2988.55	
2988.57	
2988.57	
2988.58	
2988.6	
2988.6	
2988.62	
2988.63	
2988.64	
2988.64	
2988.65	
2988.67	
2988.68	
2988.68	
2988.69	
2988.71	
2988.71	
2988.72	
2988.74	
2988.74	
2988.75	
2988.76	
2988.78	
2988.78	
2988.79	
2988.81	
2988.81	
2988.82	
2988.83	
2988.83	
2988.85	
2988.86	
2988.88	
2988.88	
2988.89	
2988.9	
2988.92	
2988.92	
2988.93	
2988.95	
2988.95	
2988.96	
2988.97	
2988.99	
2989	
2989	
2989.02	
2989.03	
2989.04	
2989.04	
2989.06	
2989.06	
2989.09	
2989.09	
2989.1	
2989.1	
2989.11	
2989.13	
2989.13	
2989.16	
2989.17	
2989.17	
2989.17	
2989.18	
2989.2	
2989.21	
2989.21	
2989.23	
2989.23	
2989.25	
2989.25	
2989.27	
2989.28	
2989.28	
2989.3	
2989.31	
2989.31	
2989.32	
2989.34	
2989.34	
2989.35	
2989.37	
2989.38	
2989.39	
2989.39	
2989.41	
2989.42	
2989.42	
2989.44	
2989.45	
2989.45	
2989.46	
2989.48	
2989.48	
2989.51	
2989.51	
2989.52	
2989.52	
2989.53	
2989.55	
2989.56	
2989.56	
2989.58	
2989.59	
2989.59	
2989.6	
2989.62	
2989.62	
2989.63	
2989.65	
2989.66	
2989.66	
2989.67	
2989.69	
2989.7	
2989.7	
2989.72	
2989.73	
2989.73	
2989.74	
2989.76	
2989.76	
2989.77	
2989.79	
2989.8	
2989.8	
2989.81	
2989.83	
2989.84	
2989.84	
2989.86	
2989.87	
2989.87	
2989.88	
2989.9	
2989.9	
2989.91	
2989.93	
2989.94	
2989.94	
2989.95	
2989.97	
2989.97	
2989.98	
2990	
2990.01	
2990.01	
2990.02	
2990.04	
2990.04	
2990.05	
2990.07	
2990.07	
2990.08	
2990.09	
2990.11	
2990.11	
2990.12	
2990.14	
2990.14	
2990.15	
2990.16	
2990.18	
2990.18	
2990.19	
2990.21	
2990.21	
2990.22	
2990.23	
2990.25	
2990.26	
2990.26	
2990.28	
2990.29	
2990.29	
2990.3	
2990.32	
2990.33	
2990.33	
2990.35	
2990.36	
2990.36	
2990.37	
2990.39	
2990.4	
2990.4	
2990.42	
2990.42	
2990.43	
2990.44	
2990.46	
2990.46	
2990.47	
2990.49	
2990.49	
2990.5	
2990.51	
2990.53	
2990.53	
2990.54	
2990.56	
2990.56	
2990.57	
2990.58	
2990.6	
2990.61	
2990.61	
2990.63	
2990.63	
2990.64	
2990.65	
2990.67	
2990.67	
2990.68	
2990.7	
2990.7	
2990.71	
2990.72	
2990.74	
2990.74	
2990.75	
2990.77	
2990.78	
2990.79	
2990.79	
2990.81	
2990.82	
2990.82	
2990.84	
2990.85	
2990.85	
2990.86	
2990.88	
2990.88	
2990.89	
2990.91	
2990.91	
2990.92	
2990.93	
2990.95	
2990.95	
2990.96	
2990.98	
2990.99	
2990.99	
2991	
2991.02	
2991.02	
2991.03	
2991.05	
2991.05	
2991.06	
2991.07	
2991.09	
2991.09	
2991.1	
2991.12	
2991.12	
2991.13	
2991.14	
2991.16	
2991.16	
2991.17	
2991.19	
