time	
2327.8	
2327.8	
2327.82	
2327.83	
2327.83	
2327.85	
2327.86	
2327.87	
2327.87	
2327.89	
2327.9	
2327.9	
2327.92	
2327.93	
2327.94	
2327.94	
2327.96	
2327.97	
2327.97	
2327.99	
2328	
2328.01	
2328.01	
2328.03	
2328.04	
2328.04	
2328.06	
2328.07	
2328.08	
2328.08	
2328.1	
2328.11	
2328.11	
2328.13	
2328.14	
2328.15	
2328.15	
2328.17	
2328.18	
2328.18	
2328.2	
2328.21	
2328.22	
2328.22	
2328.24	
2328.25	
2328.25	
2328.27	
2328.28	
2328.29	
2328.29	
2328.31	
2328.32	
2328.32	
2328.34	
2328.35	
2328.36	
2328.36	
2328.38	
2328.39	
2328.39	
2328.41	
2328.42	
2328.43	
2328.43	
2328.45	
2328.46	
2328.46	
2328.48	
2328.49	
2328.5	
2328.5	
2328.52	
2328.53	
2328.53	
2328.55	
2328.56	
2328.57	
2328.57	
2328.59	
2328.6	
2328.6	
2328.62	
2328.63	
2328.64	
2328.64	
2328.66	
2328.67	
2328.67	
2328.69	
2328.7	
2328.71	
2328.71	
2328.73	
2328.74	
2328.74	
2328.76	
2328.77	
2328.78	
2328.78	
2328.8	
2328.81	
2328.81	
2328.83	
2328.84	
2328.85	
2328.85	
2328.87	
2328.88	
2328.88	
2328.9	
2328.9	
2328.9	
2328.93	
2328.94	
2328.95	
2328.95	
2328.97	
2328.98	
2328.98	
2329	
2329.01	
2329.02	
2329.02	
2329.04	
2329.05	
2329.06	
2329.06	
2329.08	
2329.09	
2329.09	
2329.11	
2329.12	
2329.13	
2329.13	
2329.15	
2329.16	
2329.16	
2329.18	
2329.18	
2329.2	
2329.2	
2329.22	
2329.23	
2329.23	
2329.25	
2329.26	
2329.27	
2329.27	
2329.29	
2329.3	
2329.3	
2329.32	
2329.33	
2329.34	
2329.34	
2329.36	
2329.37	
2329.37	
2329.39	
2329.4	
2329.41	
2329.41	
2329.43	
2329.44	
2329.44	
2329.46	
2329.47	
2329.48	
2329.48	
2329.5	
2329.51	
2329.51	
2329.53	
2329.54	
2329.55	
2329.55	
2329.57	
2329.58	
2329.58	
2329.6	
2329.61	
2329.62	
2329.62	
2329.64	
2329.65	
2329.65	
2329.67	
2329.68	
2329.69	
2329.69	
2329.71	
2329.72	
2329.72	
2329.74	
2329.75	
2329.76	
2329.76	
2329.78	
2329.79	
2329.79	
2329.81	
2329.82	
2329.83	
2329.83	
2329.85	
2329.86	
2329.86	
2329.88	
2329.89	
2329.9	
2329.9	
2329.92	
2329.93	
2329.93	
2329.95	
2329.96	
2329.96	
2329.98	
2329.99	
2330	
2330	
2330.02	
2330.03	
2330.04	
2330.04	
2330.06	
2330.06	
2330.08	
2330.09	
2330.1	
2330.11	
2330.11	
2330.11	
2330.14	
2330.14	
2330.16	
2330.17	
2330.18	
2330.18	
2330.2	
2330.21	
2330.21	
2330.23	
2330.24	
2330.25	
2330.25	
2330.27	
2330.28	
2330.28	
2330.3	
2330.31	
2330.32	
2330.32	
2330.34	
2330.35	
2330.35	
2330.37	
2330.38	
2330.39	
2330.39	
2330.41	
2330.42	
2330.42	
2330.44	
2330.45	
2330.46	
2330.46	
2330.48	
2330.49	
2330.49	
2330.51	
2330.52	
2330.53	
2330.53	
2330.55	
2330.56	
2330.56	
2330.58	
2330.59	
2330.6	
2330.6	
2330.62	
2330.63	
2330.63	
2330.65	
2330.66	
2330.67	
2330.67	
2330.69	
2330.7	
2330.7	
2330.72	
2330.73	
2330.74	
2330.74	
2330.76	
2330.77	
2330.77	
2330.79	
2330.8	
2330.8	
2330.82	
2330.83	
2330.84	
2330.84	
2330.86	
2330.87	
2330.88	
2330.88	
2330.9	
2330.91	
2330.91	
2330.93	
2330.94	
2330.95	
2330.95	
2330.97	
2330.98	
2330.98	
2331	
2331.01	
2331.02	
2331.02	
2331.04	
2331.05	
2331.05	
2331.07	
2331.08	
2331.09	
2331.09	
2331.11	
2331.12	
2331.12	
2331.14	
2331.15	
2331.16	
2331.16	
2331.18	
2331.19	
2331.19	
2331.21	
2331.22	
2331.23	
2331.23	
2331.25	
2331.26	
2331.26	
2331.28	
2331.29	
2331.3	
2331.3	
2331.32	
2331.33	
2331.33	
2331.35	
2331.36	
2331.37	
2331.37	
2331.39	
2331.4	
2331.4	
2331.42	
2331.43	
2331.44	
2331.44	
2331.46	
2331.47	
2331.47	
2331.49	
2331.5	
2331.51	
2331.51	
2331.53	
2331.54	
2331.54	
2331.56	
2331.57	
2331.58	
2331.58	
2331.6	
2331.61	
2331.61	
2331.63	
2331.64	
2331.65	
2331.65	
2331.67	
2331.68	
2331.68	
2331.7	
2331.71	
2331.72	
2331.72	
2331.74	
2331.75	
2331.75	
2331.77	
2331.78	
2331.79	
2331.79	
2331.81	
2331.82	
2331.82	
2331.84	
2331.85	
2331.86	
2331.86	
2331.88	
2331.89	
2331.89	
2331.91	
2331.92	
2331.93	
2331.93	
2331.95	
2331.96	
2331.96	
2331.98	
2331.99	
2332	
2332	
2332.02	
2332.03	
2332.03	
2332.05	
2332.06	
2332.07	
2332.07	
2332.09	
2332.1	
2332.1	
2332.12	
2332.13	
2332.14	
2332.14	
2332.16	
2332.17	
2332.17	
2332.19	
2332.2	
2332.21	
2332.21	
2332.23	
2332.24	
2332.24	
2332.26	
2332.27	
2332.28	
2332.28	
2332.3	
2332.31	
2332.31	
2332.33	
2332.34	
2332.35	
2332.35	
2332.37	
2332.38	
2332.38	
2332.4	
2332.41	
2332.42	
2332.42	
2332.44	
2332.45	
2332.45	
2332.47	
2332.48	
2332.49	
2332.49	
2332.51	
2332.52	
2332.52	
2332.54	
2332.55	
2332.56	
2332.56	
2332.58	
2332.59	
2332.59	
2332.61	
2332.62	
2332.63	
2332.63	
2332.65	
2332.66	
2332.66	
2332.68	
2332.69	
2332.7	
2332.7	
2332.72	
2332.73	
2332.73	
2332.75	
2332.76	
2332.77	
2332.77	
2332.79	
2332.8	
2332.8	
2332.82	
2332.83	
2332.84	
2332.84	
2332.86	
2332.87	
2332.87	
2332.89	
2332.9	
2332.91	
2332.91	
2332.93	
2332.94	
2332.94	
2332.96	
2332.97	
2332.99	
2332.99	
2333	
2333.01	
2333.01	
2333.03	
2333.04	
2333.05	
2333.05	
2333.07	
2333.08	
2333.08	
2333.1	
2333.11	
2333.12	
2333.12	
2333.14	
2333.15	
2333.15	
2333.17	
2333.18	
2333.19	
2333.19	
2333.21	
2333.22	
2333.22	
2333.24	
2333.25	
2333.26	
2333.26	
2333.28	
2333.29	
2333.29	
2333.31	
2333.32	
2333.33	
2333.33	
2333.35	
2333.36	
2333.36	
2333.38	
2333.39	
2333.4	
2333.4	
2333.42	
2333.43	
2333.43	
2333.45	
2333.46	
2333.47	
2333.47	
2333.49	
2333.5	
2333.5	
2333.52	
2333.53	
2333.54	
2333.54	
2333.56	
2333.57	
2333.57	
2333.59	
2333.6	
2333.61	
2333.61	
2333.63	
2333.64	
2333.64	
2333.66	
2333.67	
2333.68	
2333.68	
2333.7	
2333.71	
2333.71	
2333.73	
2333.74	
2333.75	
2333.75	
2333.77	
2333.78	
2333.78	
2333.8	
2333.81	
2333.82	
2333.82	
2333.84	
2333.85	
2333.85	
2333.87	
2333.88	
2333.89	
2333.89	
2333.91	
2333.92	
2333.92	
2333.94	
2333.95	
2333.96	
2333.96	
2333.98	
2333.99	
2333.99	
2334.01	
2334.02	
2334.03	
2334.03	
2334.05	
2334.06	
2334.06	
2334.08	
2334.09	
2334.1	
2334.1	
2334.12	
2334.13	
2334.13	
2334.15	
2334.16	
2334.17	
2334.17	
2334.19	
2334.2	
2334.2	
2334.22	
2334.23	
2334.24	
2334.24	
2334.26	
2334.27	
2334.27	
2334.29	
2334.3	
2334.31	
2334.31	
2334.33	
2334.34	
2334.34	
2334.36	
2334.37	
2334.38	
2334.38	
2334.4	
2334.41	
2334.41	
2334.43	
2334.44	
2334.45	
2334.45	
2334.47	
2334.48	
2334.48	
2334.5	
2334.51	
2334.52	
2334.52	
2334.54	
2334.55	
2334.55	
2334.57	
2334.58	
2334.59	
2334.59	
2334.61	
2334.62	
2334.62	
2334.64	
2334.65	
2334.66	
2334.66	
2334.68	
2334.69	
2334.69	
2334.71	
2334.72	
2334.73	
2334.73	
2334.75	
2334.76	
2334.76	
2334.78	
2334.79	
2334.8	
2334.8	
2334.82	
2334.83	
2334.83	
2334.85	
2334.86	
2334.87	
2334.87	
2334.89	
2334.9	
2334.9	
2334.92	
2334.93	
2334.94	
2334.94	
2334.96	
2334.97	
2334.97	
2334.99	
2335	
2335.01	
2335.01	
2335.03	
2335.04	
2335.04	
2335.06	
2335.07	
2335.08	
2335.08	
2335.1	
2335.11	
2335.11	
2335.13	
2335.14	
2335.15	
2335.15	
2335.17	
2335.18	
2335.18	
2335.2	
2335.21	
2335.22	
2335.22	
2335.24	
2335.25	
2335.25	
2335.27	
2335.28	
2335.29	
2335.29	
2335.31	
2335.32	
2335.32	
2335.34	
2335.35	
2335.36	
2335.36	
2335.38	
2335.39	
2335.39	
2335.41	
2335.42	
2335.43	
2335.43	
2335.45	
2335.46	
2335.46	
2335.48	
2335.49	
2335.5	
2335.5	
2335.52	
2335.53	
2335.53	
2335.55	
2335.56	
2335.57	
