time	
1166.2	
1166.21	
1166.23	
1166.23	
1166.24	
1166.26	
1166.26	
1166.27	
1166.28	
1166.3	
1166.3	
1166.31	
1166.33	
1166.33	
1166.34	
1166.35	
1166.37	
1166.37	
1166.38	
1166.4	
1166.4	
1166.41	
1166.42	
1166.44	
1166.45	
1166.45	
1166.47	
1166.47	
1166.48	
1166.49	
1166.51	
1166.51	
1166.52	
1166.54	
1166.54	
1166.55	
1166.56	
1166.58	
1166.58	
1166.59	
1166.61	
1166.61	
1166.62	
1166.63	
1166.65	
1166.65	
1166.66	
1166.68	
1166.68	
1166.69	
1166.7	
1166.72	
1166.72	
1166.73	
1166.75	
1166.75	
1166.76	
1166.77	
1166.79	
1166.79	
1166.8	
1166.82	
1166.82	
1166.83	
1166.84	
1166.86	
1166.86	
1166.87	
1166.89	
1166.89	
1166.9	
1166.91	
1166.93	
1166.93	
1166.94	
1166.96	
1166.96	
1166.97	
1166.98	
1167	
1167	
1167.01	
1167.03	
1167.03	
1167.04	
1167.05	
1167.07	
1167.07	
1167.08	
1167.1	
1167.1	
1167.11	
1167.12	
1167.14	
1167.14	
1167.15	
1167.17	
1167.17	
1167.18	
1167.19	
1167.21	
1167.21	
1167.22	
1167.24	
1167.24	
1167.25	
1167.26	
1167.28	
1167.28	
1167.29	
1167.31	
1167.31	
1167.32	
1167.33	
1167.35	
1167.35	
1167.36	
1167.38	
1167.38	
1167.39	
1167.4	
1167.42	
1167.42	
1167.43	
1167.45	
1167.45	
1167.46	
1167.47	
1167.49	
1167.49	
1167.5	
1167.52	
1167.52	
1167.53	
1167.54	
1167.56	
1167.56	
1167.57	
1167.59	
1167.59	
1167.6	
1167.61	
1167.63	
1167.63	
1167.64	
1167.66	
1167.66	
1167.67	
1167.68	
1167.7	
1167.7	
1167.71	
1167.73	
1167.73	
1167.74	
1167.75	
1167.77	
1167.77	
1167.78	
1167.8	
1167.8	
1167.81	
1167.82	
1167.84	
1167.84	
1167.85	
1167.87	
1167.87	
1167.88	
1167.89	
1167.91	
1167.91	
1167.92	
1167.94	
1167.94	
1167.95	
1167.96	
1167.98	
1167.98	
1167.99	
1168.01	
1168.01	
1168.02	
1168.03	
1168.05	
1168.05	
1168.06	
1168.08	
1168.08	
1168.09	
1168.1	
1168.12	
1168.12	
1168.13	
1168.15	
1168.15	
1168.16	
1168.17	
1168.19	
1168.19	
1168.2	
1168.22	
1168.22	
1168.23	
1168.24	
1168.26	
1168.26	
1168.27	
1168.29	
1168.29	
1168.3	
1168.31	
1168.33	
1168.33	
1168.34	
1168.36	
1168.36	
1168.37	
1168.38	
1168.4	
1168.4	
1168.41	
1168.43	
1168.43	
1168.44	
1168.45	
1168.47	
1168.47	
1168.48	
1168.5	
1168.5	
1168.51	
1168.52	
1168.54	
1168.54	
1168.55	
1168.57	
1168.57	
1168.58	
1168.59	
1168.61	
1168.61	
1168.62	
1168.64	
1168.64	
1168.65	
1168.66	
1168.68	
1168.68	
1168.69	
1168.71	
1168.71	
1168.72	
1168.73	
1168.75	
1168.75	
1168.76	
1168.78	
1168.78	
1168.79	
1168.8	
1168.82	
1168.82	
1168.83	
1168.85	
1168.85	
1168.86	
1168.87	
1168.89	
1168.89	
1168.9	
1168.92	
1168.92	
1168.93	
1168.94	
1168.96	
1168.96	
1168.97	
1168.99	
1168.99	
1169	
1169.01	
1169.03	
1169.03	
1169.04	
1169.06	
1169.06	
1169.07	
1169.08	
1169.1	
1169.1	
1169.11	
1169.14	
1169.14	
1169.15	
1169.17	
1169.17	
1169.18	
1169.2	
1169.2	
1169.21	
1169.22	
1169.24	
1169.24	
1169.25	
1169.27	
1169.27	
1169.28	
1169.29	
1169.31	
1169.31	
1169.32	
1169.34	
1169.34	
1169.35	
1169.36	
1169.38	
1169.38	
1169.39	
1169.41	
1169.41	
1169.42	
1169.43	
1169.45	
1169.45	
1169.46	
1169.48	
1169.48	
1169.49	
1169.5	
1169.52	
1169.52	
1169.53	
1169.55	
1169.55	
1169.56	
1169.57	
1169.59	
1169.59	
1169.6	
1169.62	
1169.62	
1169.63	
1169.64	
1169.66	
1169.66	
1169.67	
1169.69	
1169.7	
1169.7	
1169.71	
1169.73	
1169.73	
1169.74	
1169.76	
1169.76	
1169.77	
1169.78	
1169.8	
1169.8	
1169.81	
1169.83	
1169.83	
1169.84	
1169.85	
1169.87	
1169.87	
1169.88	
1169.9	
1169.9	
1169.91	
1169.92	
1169.94	
1169.95	
1169.95	
1169.97	
1169.97	
1169.98	
1169.99	
1170.01	
1170.01	
1170.02	
1170.04	
1170.04	
1170.05	
1170.06	
1170.08	
1170.08	
1170.09	
1170.11	
1170.11	
1170.12	
1170.13	
1170.15	
1170.15	
1170.16	
1170.18	
1170.18	
1170.19	
1170.2	
1170.22	
1170.22	
1170.23	
1170.25	
1170.25	
1170.26	
1170.27	
1170.29	
1170.29	
1170.3	
1170.32	
1170.32	
1170.33	
1170.34	
1170.36	
1170.36	
1170.37	
1170.39	
1170.39	
1170.4	
1170.41	
1170.43	
1170.43	
1170.44	
1170.46	
1170.46	
1170.47	
1170.48	
1170.5	
1170.5	
1170.51	
1170.53	
1170.53	
1170.54	
1170.55	
1170.57	
1170.57	
1170.58	
1170.6	
1170.6	
1170.61	
1170.62	
1170.64	
1170.64	
1170.65	
1170.67	
1170.67	
1170.68	
1170.69	
1170.71	
1170.71	
1170.72	
1170.74	
1170.74	
1170.75	
1170.76	
1170.78	
1170.78	
1170.79	
1170.81	
1170.81	
1170.82	
1170.83	
1170.85	
1170.85	
1170.86	
1170.88	
1170.88	
1170.89	
1170.9	
1170.92	
1170.92	
1170.93	
1170.95	
1170.95	
1170.96	
1170.97	
1170.99	
1170.99	
1171	
1171.02	
1171.02	
1171.03	
1171.04	
1171.06	
1171.06	
1171.07	
1171.09	
1171.09	
1171.1	
1171.11	
1171.13	
1171.13	
1171.14	
1171.16	
1171.16	
1171.17	
1171.18	
1171.2	
1171.2	
1171.21	
1171.23	
1171.23	
1171.24	
1171.25	
1171.27	
1171.27	
1171.28	
1171.3	
1171.3	
1171.31	
1171.32	
1171.34	
1171.34	
1171.35	
1171.37	
1171.37	
1171.38	
1171.39	
1171.41	
1171.41	
1171.42	
1171.44	
1171.44	
1171.45	
1171.46	
1171.48	
1171.48	
1171.49	
1171.51	
1171.51	
1171.52	
1171.53	
1171.55	
1171.55	
1171.56	
1171.58	
1171.58	
1171.59	
1171.6	
1171.62	
1171.62	
1171.63	
1171.65	
1171.65	
1171.66	
1171.67	
1171.69	
1171.69	
1171.7	
1171.72	
1171.72	
1171.73	
1171.74	
1171.76	
1171.76	
1171.77	
1171.79	
1171.79	
1171.8	
1171.81	
1171.83	
1171.83	
1171.84	
1171.86	
1171.86	
1171.87	
1171.88	
1171.9	
1171.9	
1171.91	
1171.93	
1171.93	
1171.94	
1171.95	
1171.97	
1171.97	
1171.98	
1172	
1172	
1172.01	
1172.02	
1172.04	
1172.04	
1172.05	
1172.07	
1172.07	
1172.08	
1172.09	
1172.11	
1172.11	
1172.12	
1172.14	
1172.14	
1172.15	
1172.16	
1172.18	
1172.18	
1172.19	
1172.21	
1172.21	
1172.22	
1172.23	
1172.25	
1172.26	
1172.26	
1172.28	
1172.28	
1172.29	
1172.3	
1172.32	
1172.32	
1172.33	
1172.35	
1172.35	
1172.36	
1172.37	
1172.39	
1172.39	
1172.4	
1172.42	
1172.42	
1172.43	
1172.44	
1172.46	
1172.46	
1172.47	
1172.49	
1172.49	
1172.5	
1172.51	
1172.53	
1172.53	
1172.54	
1172.56	
1172.56	
1172.57	
1172.58	
1172.6	
1172.6	
1172.61	
1172.63	
1172.63	
1172.64	
1172.65	
1172.67	
1172.67	
1172.68	
1172.7	
1172.7	
1172.71	
1172.72	
1172.74	
1172.74	
1172.75	
1172.77	
1172.77	
1172.78	
1172.79	
1172.81	
1172.81	
1172.82	
1172.84	
1172.84	
1172.85	
1172.86	
1172.88	
1172.88	
1172.89	
1172.91	
1172.91	
1172.92	
1172.93	
1172.95	
1172.95	
1172.96	
1172.98	
1172.98	
1172.99	
1173	
1173.02	
1173.02	
1173.03	
1173.05	
1173.05	
1173.06	
1173.07	
1173.09	
1173.09	
1173.1	
1173.12	
1173.12	
1173.13	
1173.14	
1173.16	
1173.16	
1173.17	
1173.19	
1173.19	
1173.2	
1173.21	
1173.23	
1173.23	
1173.24	
1173.26	
1173.26	
1173.27	
1173.28	
1173.3	
1173.3	
1173.31	
1173.33	
1173.33	
1173.34	
1173.35	
1173.37	
1173.37	
1173.38	
1173.4	
1173.4	
1173.41	
1173.42	
1173.44	
1173.44	
1173.45	
1173.47	
1173.47	
1173.48	
1173.49	
1173.51	
1173.51	
1173.52	
1173.54	
1173.54	
1173.55	
1173.56	
1173.58	
1173.58	
1173.59	
1173.61	
1173.61	
1173.62	
1173.63	
1173.65	
1173.65	
1173.66	
1173.68	
1173.68	
1173.69	
1173.7	
1173.72	
1173.72	
1173.73	
1173.75	
1173.75	
1173.76	
1173.77	
1173.79	
1173.79	
1173.8	
1173.82	
1173.82	
1173.83	
1173.84	
1173.86	
1173.86	
1173.87	
1173.89	
1173.89	
1173.9	
1173.91	
1173.93	
1173.93	
1173.94	
1173.96	
1173.96	
1173.97	
1173.98	
1174	
