time	
124.194	
124.194	
124.208	
124.222	
124.236	
124.236	
124.25	
124.264	
124.264	
124.278	
124.292	
124.306	
124.306	
124.32	
124.335	
124.335	
124.348	
124.362	
124.376	
124.376	
124.39	
124.404	
124.404	
124.418	
124.432	
124.446	
124.446	
124.46	
124.474	
124.474	
124.488	
124.502	
124.516	
124.516	
124.53	
124.544	
124.544	
124.558	
124.572	
124.586	
124.586	
124.6	
124.614	
124.614	
124.628	
124.642	
124.656	
124.656	
124.67	
124.684	
124.684	
124.698	
124.712	
124.726	
124.726	
124.74	
124.754	
124.754	
124.768	
124.782	
124.782	
124.8	
124.81	
124.825	
124.825	
124.838	
124.852	
124.866	
124.866	
124.881	
124.895	
124.895	
124.908	
124.923	
124.937	
124.937	
124.95	
124.966	
124.966	
124.979	
124.992	
124.992	
125.011	
125.02	
125.034	
125.034	
125.048	
125.062	
125.076	
125.076	
125.09	
125.104	
125.104	
125.118	
125.134	
125.146	
125.146	
125.16	
125.174	
125.174	
125.188	
125.202	
125.216	
125.216	
125.23	
125.244	
125.244	
125.258	
125.272	
125.286	
125.286	
125.3	
125.314	
125.314	
125.328	
125.342	
125.356	
125.356	
125.37	
125.384	
125.384	
125.399	
125.412	
125.426	
125.426	
125.44	
125.454	
125.454	
125.468	
125.482	
125.496	
125.496	
125.51	
125.524	
125.524	
125.538	
125.552	
125.552	
125.571	
125.58	
125.595	
125.595	
125.608	
125.622	
125.636	
125.636	
125.65	
125.664	
125.664	
125.678	
125.692	
125.706	
125.706	
125.72	
125.734	
125.734	
125.748	
125.762	
125.776	
125.776	
125.79	
125.804	
125.818	
125.818	
125.833	
125.846	
125.846	
125.86	
125.874	
125.874	
125.888	
125.902	
125.916	
125.916	
125.93	
125.944	
125.944	
125.958	
125.972	
125.986	
125.986	
126	
126.014	
126.014	
126.028	
126.042	
126.056	
126.056	
126.07	
126.084	
126.084	
126.098	
126.112	
126.126	
126.126	
126.14	
126.155	
126.155	
126.168	
126.182	
126.182	
126.197	
126.21	
126.224	
126.224	
126.238	
126.252	
126.266	
126.266	
126.28	
126.294	
126.294	
126.308	
126.322	
126.336	
126.336	
126.35	
126.364	
126.364	
126.378	
126.392	
126.406	
126.406	
126.42	
126.436	
126.436	
126.448	
126.462	
126.476	
126.476	
126.49	
126.504	
126.504	
126.519	
126.532	
126.546	
126.546	
126.56	
126.574	
126.574	
126.588	
126.602	
126.616	
126.616	
126.63	
126.644	
126.644	
126.658	
126.672	
126.688	
126.688	
126.7	
126.714	
126.714	
126.729	
126.742	
126.756	
126.756	
126.771	
126.784	
126.784	
126.798	
126.812	
126.826	
126.826	
126.84	
126.854	
126.854	
126.868	
126.882	
126.896	
126.896	
126.91	
126.924	
126.924	
126.938	
126.955	
126.966	
126.966	
126.98	
126.994	
126.994	
127.008	
127.022	
127.039	
127.039	
127.05	
127.064	
127.064	
127.078	
127.078	
127.106	
127.106	
127.121	
127.134	
127.134	
127.148	
127.162	
127.162	
127.179	
127.19	
127.204	
127.204	
127.218	
127.232	
127.246	
127.246	
127.26	
127.274	
127.274	
127.288	
127.302	
127.316	
127.316	
127.332	
127.332	
127.351	
127.359	
127.372	
127.387	
127.387	
127.4	
127.414	
127.414	
127.428	
127.442	
127.456	
127.456	
127.47	
127.484	
127.484	
127.498	
127.512	
127.526	
127.526	
127.54	
127.54	
127.559	
127.568	
127.582	
127.596	
127.596	
127.611	
127.624	
127.624	
127.639	
127.652	
127.666	
127.666	
127.681	
127.694	
127.694	
127.708	
127.724	
127.736	
127.736	
127.75	
127.764	
127.764	
127.778	
127.794	
127.806	
127.806	
127.82	
127.834	
127.834	
127.848	
127.862	
127.876	
127.876	
127.89	
127.904	
127.904	
127.918	
127.932	
127.946	
127.946	
127.96	
127.974	
127.99	
127.99	
128.002	
128.016	
128.016	
128.03	
128.045	
128.045	
128.058	
128.075	
128.086	
128.086	
128.1	
128.114	
128.114	
128.128	
128.142	
128.156	
128.156	
128.17	
128.184	
128.184	
128.199	
128.212	
128.226	
128.226	
128.24	
128.254	
128.254	
128.268	
128.282	
128.296	
128.296	
128.31	
128.326	
128.326	
128.338	
128.352	
128.366	
128.366	
128.38	
128.394	
128.394	
128.408	
128.422	
128.436	
128.436	
128.45	
128.464	
128.464	
128.479	
128.492	
128.506	
128.506	
128.522	
128.534	
128.534	
128.548	
128.565	
128.576	
128.591	
128.591	
128.604	
128.604	
128.618	
128.632	
128.646	
128.646	
128.66	
128.675	
128.675	
128.688	
128.702	
128.716	
128.716	
128.73	
128.744	
128.744	
128.76	
128.772	
128.786	
128.786	
128.8	
128.814	
128.814	
128.829	
128.842	
128.856	
128.856	
128.87	
128.89	
128.89	
128.898	
128.912	
128.927	
128.927	
128.94	
128.954	
128.954	
128.968	
128.982	
129	
129	
129.01	
129.024	
129.024	
129.038	
129.052	
129.066	
129.066	
129.08	
129.094	
129.094	
129.108	
129.127	
129.136	
129.136	
129.15	
129.165	
129.165	
129.178	
129.192	
129.206	
129.206	
129.221	
129.234	
129.234	
129.248	
129.262	
129.276	
129.276	
129.29	
129.304	
129.304	
129.318	
129.334	
129.346	
129.346	
129.361	
129.375	
129.375	
129.388	
129.402	
129.416	
129.416	
129.43	
129.445	
129.445	
129.458	
129.477	
129.486	
129.486	
129.5	
129.514	
129.514	
129.528	
129.542	
129.558	
129.558	
129.57	
129.584	
129.584	
129.599	
129.612	
129.626	
129.626	
129.646	
129.654	
129.654	
129.668	
129.682	
129.696	
129.696	
129.71	
129.729	
129.729	
129.738	
129.753	
129.766	
129.766	
129.78	
129.798	
129.798	
129.808	
129.822	
129.836	
129.836	
129.85	
129.864	
129.864	
129.88	
129.895	
129.906	
129.906	
129.92	
129.934	
129.934	
129.948	
129.962	
129.976	
129.976	
129.996	
130.004	
130.004	
130.018	
130.032	
130.046	
130.046	
130.06	
130.06	
130.079	
130.088	
130.102	
130.116	
130.116	
130.13	
130.144	
130.144	
130.158	
130.172	
130.186	
130.186	
130.2	
130.214	
130.214	
130.228	
130.242	
130.256	
130.256	
130.27	
130.284	
130.284	
130.298	
130.312	
130.326	
130.326	
130.34	
130.354	
130.354	
130.368	
130.383	
130.396	
130.396	
130.41	
130.424	
130.424	
130.438	
130.452	
130.466	
130.466	
130.48	
130.494	
130.494	
130.508	
130.522	
130.536	
130.536	
130.55	
130.564	
130.564	
130.578	
130.592	
130.606	
130.606	
130.62	
130.634	
130.634	
130.648	
130.662	
130.676	
130.676	
130.69	
130.704	
130.704	
130.718	
130.732	
130.746	
130.746	
130.76	
130.774	
130.774	
130.788	
130.802	
130.816	
130.816	
130.831	
130.844	
130.844	
130.858	
130.872	
130.886	
130.886	
130.9	
130.914	
130.914	
130.928	
130.942	
130.956	
130.956	
130.97	
130.984	
130.984	
130.998	
131.012	
131.026	
131.026	
131.04	
131.054	
131.054	
131.068	
131.082	
131.096	
131.096	
131.11	
131.124	
131.124	
131.138	
131.152	
131.167	
131.167	
131.18	
131.194	
131.194	
131.208	
131.222	
131.236	
131.236	
131.25	
131.264	
131.264	
131.278	
131.292	
131.306	
131.306	
131.32	
131.334	
131.334	
131.348	
131.362	
131.376	
131.376	
131.39	
131.404	
131.404	
131.418	
131.432	
131.446	
131.446	
131.46	
131.474	
131.474	
131.488	
131.502	
131.516	
131.516	
131.53	
131.544	
131.544	
131.558	
131.572	
131.586	
131.586	
131.6	
131.614	
131.614	
