time	
574.196	
574.21	
574.21	
574.224	
574.238	
574.238	
574.252	
574.266	
574.28	
574.28	
574.294	
574.308	
574.308	
574.322	
574.336	
574.35	
574.35	
574.364	
574.378	
574.378	
574.392	
574.406	
574.42	
574.42	
574.434	
574.448	
574.448	
574.462	
574.476	
574.49	
574.49	
574.504	
574.518	
574.518	
574.532	
574.546	
574.56	
574.56	
574.575	
574.588	
574.588	
574.602	
574.616	
574.63	
574.63	
574.644	
574.658	
574.658	
574.672	
574.686	
574.7	
574.7	
574.714	
574.728	
574.728	
574.743	
574.756	
574.77	
574.77	
574.784	
574.798	
574.798	
574.812	
574.826	
574.826	
574.849	
574.854	
574.868	
574.868	
574.882	
574.896	
574.91	
574.91	
574.925	
574.938	
574.952	
574.952	
574.966	
574.98	
574.98	
574.994	
575.008	
575.022	
575.022	
575.036	
575.05	
575.05	
575.064	
575.078	
575.078	
575.092	
575.106	
575.106	
575.122	
575.134	
575.148	
575.148	
575.162	
575.176	
575.19	
575.19	
575.204	
575.218	
575.218	
575.232	
575.246	
575.26	
575.26	
575.274	
575.288	
575.288	
575.302	
575.317	
575.33	
575.33	
575.344	
575.358	
575.358	
575.372	
575.386	
575.4	
575.4	
575.414	
575.428	
575.428	
575.442	
575.456	
575.456	
575.473	
575.485	
575.485	
575.503	
575.512	
575.526	
575.526	
575.549	
575.554	
575.568	
575.568	
575.582	
575.596	
575.61	
575.61	
575.624	
575.639	
575.639	
575.652	
575.666	
575.68	
575.68	
575.694	
575.708	
575.708	
575.722	
575.74	
575.75	
575.75	
575.764	
575.778	
575.778	
575.792	
575.807	
575.82	
575.82	
575.834	
575.848	
575.848	
575.862	
575.876	
575.89	
575.89	
575.904	
575.918	
575.918	
575.932	
575.946	
575.96	
575.96	
575.974	
575.989	
575.989	
576.003	
576.016	
576.03	
576.03	
576.044	
576.058	
576.058	
576.072	
576.086	
576.1	
576.1	
576.114	
576.128	
576.128	
576.142	
576.156	
576.17	
576.17	
576.184	
576.199	
576.199	
576.214	
576.226	
576.24	
576.24	
576.254	
576.268	
576.268	
576.282	
576.296	
576.31	
576.31	
576.324	
576.338	
576.338	
576.352	
576.366	
576.38	
576.38	
576.394	
576.408	
576.408	
576.422	
576.436	
576.45	
576.45	
576.464	
576.478	
576.478	
576.492	
576.506	
576.522	
576.522	
576.534	
576.548	
576.548	
576.562	
576.576	
576.59	
576.59	
576.604	
576.621	
576.621	
576.633	
576.647	
576.66	
576.66	
576.674	
576.688	
576.688	
576.703	
576.716	
576.73	
576.73	
576.744	
576.758	
576.758	
576.772	
576.786	
576.786	
576.805	
576.814	
576.828	
576.828	
576.842	
576.861	
576.87	
576.87	
576.884	
576.899	
576.899	
576.913	
576.926	
576.94	
576.94	
576.954	
576.968	
576.968	
576.982	
576.996	
577.01	
577.01	
577.024	
577.038	
577.038	
577.052	
577.066	
577.08	
577.08	
577.094	
577.11	
577.11	
577.122	
577.136	
577.15	
577.15	
577.164	
577.178	
577.178	
577.192	
577.206	
577.22	
577.22	
577.234	
577.248	
577.248	
577.262	
577.276	
577.29	
577.29	
577.304	
577.318	
577.318	
577.332	
577.346	
577.36	
577.36	
577.374	
577.389	
577.389	
577.402	
577.418	
577.43	
577.43	
577.444	
577.458	
577.458	
577.472	
577.486	
577.5	
577.5	
577.514	
577.528	
577.528	
577.528	
577.556	
577.57	
577.57	
577.584	
577.598	
577.598	
577.612	
577.626	
577.64	
577.64	
577.654	
577.668	
577.668	
577.682	
577.696	
577.71	
577.71	
577.724	
577.738	
577.738	
577.752	
577.766	
577.78	
577.78	
577.794	
577.809	
577.809	
577.822	
577.836	
577.85	
577.85	
577.864	
577.878	
577.878	
577.892	
577.906	
577.92	
577.92	
577.934	
577.948	
577.948	
577.962	
577.976	
577.99	
577.99	
578.004	
578.018	
578.018	
578.032	
578.047	
578.06	
578.06	
578.074	
578.088	
578.088	
578.102	
578.116	
578.13	
578.13	
578.144	
578.158	
578.158	
578.172	
578.186	
578.2	
578.2	
578.214	
578.228	
578.228	
578.242	
578.256	
578.27	
578.27	
578.284	
578.298	
578.298	
578.312	
578.326	
578.34	
578.34	
578.354	
578.368	
578.368	
578.382	
578.396	
578.41	
578.41	
578.424	
578.438	
578.438	
578.452	
578.466	
578.48	
578.48	
578.494	
578.508	
578.508	
578.522	
578.536	
578.55	
578.55	
578.564	
578.578	
578.578	
578.592	
578.606	
578.62	
578.62	
578.634	
578.648	
578.648	
578.662	
578.676	
578.69	
578.69	
578.704	
578.718	
578.718	
578.732	
578.748	
578.76	
578.76	
578.774	
578.788	
578.788	
578.802	
578.817	
578.83	
578.83	
578.844	
578.858	
578.858	
578.872	
578.886	
578.9	
578.9	
578.914	
578.928	
578.928	
578.943	
578.956	
578.97	
578.97	
578.984	
578.998	
578.998	
579.012	
579.026	
579.04	
579.04	
579.054	
579.068	
579.068	
579.083	
579.096	
579.11	
579.11	
579.124	
579.138	
579.138	
579.152	
579.166	
579.18	
579.18	
579.194	
579.208	
579.208	
579.222	
579.236	
579.25	
579.25	
579.264	
579.278	
579.278	
579.292	
579.306	
579.32	
579.32	
579.334	
579.348	
579.348	
579.362	
579.376	
579.39	
579.39	
579.404	
579.418	
579.418	
579.432	
579.446	
579.46	
579.46	
579.474	
579.488	
579.488	
579.502	
579.516	
579.53	
579.53	
579.544	
579.558	
579.558	
579.572	
579.586	
579.6	
579.6	
579.614	
579.628	
579.628	
579.642	
579.656	
579.67	
579.67	
579.684	
579.698	
579.698	
579.713	
579.726	
579.74	
579.74	
579.754	
579.768	
579.768	
579.782	
579.796	
579.81	
579.81	
579.824	
579.838	
579.838	
579.852	
579.866	
579.88	
579.88	
579.894	
579.908	
579.908	
579.923	
579.936	
579.95	
579.95	
579.964	
579.978	
579.978	
579.993	
580.006	
580.02	
580.02	
580.034	
580.048	
580.048	
580.062	
580.076	
580.092	
580.092	
580.108	
580.118	
580.118	
580.133	
580.146	
580.16	
580.16	
580.174	
580.188	
580.188	
580.202	
580.216	
580.23	
580.23	
580.244	
580.258	
580.258	
580.272	
580.286	
580.3	
580.3	
580.314	
580.328	
580.328	
580.344	
580.362	
580.37	
580.37	
580.385	
580.398	
580.412	
580.412	
580.428	
580.428	
580.446	
580.456	
580.47	
580.47	
580.482	
580.496	
580.51	
580.51	
580.524	
580.538	
580.538	
580.552	
580.566	
580.58	
580.58	
580.595	
580.608	
580.608	
580.622	
580.636	
580.65	
580.65	
580.664	
580.678	
580.678	
580.692	
580.706	
580.72	
580.72	
580.734	
580.748	
580.748	
580.762	
580.776	
580.79	
580.79	
580.804	
580.818	
580.818	
580.832	
580.846	
580.86	
580.86	
580.874	
580.888	
580.888	
580.902	
580.916	
580.93	
580.93	
580.944	
580.958	
580.958	
580.972	
580.986	
581	
581	
581.014	
581.028	
581.028	
581.042	
581.056	
581.07	
581.07	
581.084	
581.098	
581.098	
581.112	
581.126	
581.14	
581.14	
581.154	
581.168	
581.168	
581.182	
581.196	
581.21	
581.21	
581.224	
581.238	
581.238	
581.252	
581.266	
581.28	
581.28	
581.294	
581.308	
581.308	
581.322	
581.336	
581.35	
581.35	
581.364	
581.378	
581.392	
581.392	
581.406	
581.42	
581.42	
581.434	
581.448	
581.448	
581.462	
581.476	
581.49	
581.49	
581.504	
581.518	
581.518	
581.532	
581.546	
581.56	
581.56	
581.574	
581.588	
581.588	
581.602	
581.616	
581.63	
581.63	
581.644	
581.658	
581.658	
581.672	
581.686	
581.7	
581.7	
581.714	
581.728	
581.742	
581.742	
581.756	
581.77	
581.77	
581.784	
581.798	
581.798	
581.812	
581.826	
581.84	
581.84	
581.854	
581.868	
581.868	
581.882	
581.896	
581.91	
581.91	
581.924	
581.938	
581.938	
581.952	
581.966	
581.98	
581.98	
581.994	
