time	
1034.01	
1034.01	
1034.03	
1034.04	
1034.05	
1034.05	
1034.07	
1034.08	
1034.08	
1034.1	
1034.11	
1034.11	
1034.13	
1034.14	
1034.15	
1034.15	
1034.17	
1034.18	
1034.19	
1034.19	
1034.21	
1034.22	
1034.22	
1034.24	
1034.25	
1034.25	
1034.26	
1034.28	
1034.28	
1034.29	
1034.31	
1034.32	
1034.32	
1034.33	
1034.35	
1034.36	
1034.36	
1034.38	
1034.39	
1034.39	
1034.4	
1034.42	
1034.43	
1034.43	
1034.45	
1034.46	
1034.46	
1034.47	
1034.49	
1034.5	
1034.5	
1034.52	
1034.53	
1034.53	
1034.54	
1034.54	
1034.57	
1034.57	
1034.59	
1034.6	
1034.6	
1034.61	
1034.61	
1034.64	
1034.64	
1034.66	
1034.67	
1034.67	
1034.68	
1034.7	
1034.71	
1034.71	
1034.73	
1034.74	
1034.74	
1034.75	
1034.77	
1034.78	
1034.78	
1034.8	
1034.81	
1034.81	
1034.82	
1034.84	
1034.85	
1034.85	
1034.87	
1034.88	
1034.89	
1034.89	
1034.91	
1034.92	
1034.92	
1034.94	
1034.95	
1034.96	
1034.96	
1034.98	
1034.99	
1034.99	
1035.01	
1035.02	
1035.02	
1035.03	
1035.05	
1035.06	
1035.06	
1035.08	
1035.09	
1035.09	
1035.1	
1035.12	
1035.12	
1035.15	
1035.15	
1035.16	
1035.16	
1035.17	
1035.19	
1035.2	
1035.2	
1035.22	
1035.23	
1035.23	
1035.24	
1035.26	
1035.27	
1035.27	
1035.29	
1035.3	
1035.31	
1035.31	
1035.33	
1035.34	
1035.34	
1035.36	
1035.37	
1035.37	
1035.38	
1035.4	
1035.41	
1035.41	
1035.43	
1035.44	
1035.45	
1035.45	
1035.47	
1035.47	
1035.49	
1035.5	
1035.51	
1035.51	
1035.52	
1035.54	
1035.54	
1035.57	
1035.57	
1035.57	
1035.58	
1035.59	
1035.61	
1035.62	
1035.62	
1035.64	
1035.65	
1035.65	
1035.66	
1035.68	
1035.69	
1035.69	
1035.71	
1035.72	
1035.72	
1035.73	
1035.75	
1035.76	
1035.76	
1035.76	
1035.79	
1035.79	
1035.81	
1035.82	
1035.83	
1035.83	
1035.85	
1035.86	
1035.86	
1035.88	
1035.89	
1035.9	
1035.9	
1035.92	
1035.93	
1035.93	
1035.94	
1035.96	
1035.97	
1035.97	
1035.99	
1036	
1036	
1036.01	
1036.03	
1036.04	
1036.04	
1036.06	
1036.07	
1036.07	
1036.09	
1036.1	
1036.11	
1036.11	
1036.13	
1036.14	
1036.14	
1036.15	
1036.17	
1036.17	
1036.18	
1036.2	
1036.21	
1036.21	
1036.22	
1036.24	
1036.24	
1036.25	
1036.27	
1036.28	
1036.28	
1036.29	
1036.31	
1036.32	
1036.32	
1036.34	
1036.35	
1036.35	
1036.36	
1036.38	
1036.39	
1036.39	
1036.41	
1036.42	
1036.43	
1036.43	
1036.45	
1036.46	
1036.46	
1036.48	
1036.48	
1036.5	
1036.5	
1036.52	
1036.53	
1036.53	
1036.55	
1036.56	
1036.56	
1036.57	
1036.59	
1036.6	
1036.6	
1036.62	
1036.63	
1036.63	
1036.64	
1036.66	
1036.67	
1036.67	
1036.69	
1036.7	
1036.7	
1036.71	
1036.73	
1036.74	
1036.74	
1036.76	
1036.77	
1036.77	
1036.78	
1036.8	
1036.81	
1036.81	
1036.83	
1036.84	
1036.84	
1036.85	
1036.87	
1036.88	
1036.88	
1036.9	
1036.91	
1036.91	
1036.92	
1036.94	
1036.95	
1036.95	
1036.95	
1036.98	
1036.98	
1037	
1037.01	
1037.02	
1037.02	
1037.04	
1037.05	
1037.05	
1037.06	
1037.08	
1037.09	
1037.09	
1037.11	
1037.12	
1037.12	
1037.13	
1037.15	
1037.16	
1037.16	
1037.18	
1037.19	
1037.19	
1037.2	
1037.22	
1037.23	
1037.23	
1037.25	
1037.26	
1037.26	
1037.27	
1037.29	
1037.29	
1037.31	
1037.32	
1037.33	
1037.33	
1037.34	
1037.36	
1037.37	
1037.37	
1037.39	
1037.4	
1037.4	
1037.41	
1037.43	
1037.44	
1037.44	
1037.46	
1037.47	
1037.47	
1037.48	
1037.5	
1037.51	
1037.51	
1037.53	
1037.54	
1037.54	
1037.55	
1037.57	
1037.58	
1037.58	
1037.6	
1037.61	
1037.61	
1037.62	
1037.64	
1037.64	
1037.65	
1037.67	
1037.68	
1037.68	
1037.69	
1037.71	
1037.72	
1037.72	
1037.74	
1037.75	
1037.75	
1037.76	
1037.78	
1037.79	
1037.79	
1037.81	
1037.82	
1037.82	
1037.83	
1037.85	
1037.86	
1037.86	
1037.88	
1037.89	
1037.89	
1037.9	
1037.92	
1037.93	
1037.93	
1037.95	
1037.96	
1037.96	
1037.97	
1037.99	
1038	
1038	
1038.02	
1038.03	
1038.03	
1038.04	
1038.06	
1038.07	
1038.07	
1038.09	
1038.1	
1038.1	
1038.12	
1038.13	
1038.14	
1038.14	
1038.16	
1038.17	
1038.17	
1038.18	
1038.2	
1038.21	
1038.21	
1038.23	
1038.24	
1038.24	
1038.25	
1038.27	
1038.28	
1038.28	
1038.3	
1038.31	
1038.31	
1038.32	
1038.34	
1038.35	
1038.35	
1038.37	
1038.38	
1038.38	
1038.39	
1038.41	
1038.42	
1038.42	
1038.44	
1038.45	
1038.45	
1038.46	
1038.48	
1038.49	
1038.49	
1038.51	
1038.52	
1038.52	
1038.53	
1038.55	
1038.56	
1038.56	
1038.58	
1038.59	
1038.59	
1038.6	
1038.62	
1038.63	
1038.63	
1038.65	
1038.66	
1038.66	
1038.67	
1038.69	
1038.7	
1038.7	
1038.72	
1038.73	
1038.73	
1038.74	
1038.76	
1038.77	
1038.77	
1038.79	
1038.8	
1038.8	
1038.81	
1038.83	
1038.84	
1038.84	
1038.86	
1038.87	
1038.87	
1038.88	
1038.9	
1038.91	
1038.91	
1038.93	
1038.94	
1038.94	
1038.95	
1038.97	
1038.98	
1038.98	
1039	
1039.01	
1039.01	
1039.02	
1039.04	
1039.05	
1039.05	
1039.07	
1039.08	
1039.08	
1039.09	
1039.11	
1039.12	
1039.12	
1039.14	
1039.15	
1039.15	
1039.16	
1039.18	
1039.19	
1039.19	
1039.21	
1039.22	
1039.22	
1039.23	
1039.25	
1039.26	
1039.26	
1039.28	
1039.29	
1039.29	
1039.3	
1039.32	
1039.33	
1039.33	
1039.35	
1039.36	
1039.36	
1039.37	
1039.39	
1039.4	
1039.4	
1039.42	
1039.43	
1039.43	
1039.44	
1039.46	
1039.47	
1039.47	
1039.49	
1039.5	
1039.5	
1039.51	
1039.53	
1039.54	
1039.54	
1039.56	
1039.57	
1039.57	
1039.58	
1039.6	
1039.61	
1039.61	
1039.63	
1039.64	
1039.64	
1039.65	
1039.67	
1039.68	
1039.68	
1039.7	
1039.71	
1039.71	
1039.72	
1039.74	
1039.75	
1039.75	
1039.77	
1039.78	
1039.78	
1039.79	
1039.81	
1039.82	
1039.82	
1039.84	
1039.85	
1039.85	
1039.86	
1039.88	
1039.88	
1039.89	
1039.91	
1039.92	
1039.92	
1039.93	
1039.95	
1039.96	
1039.96	
1039.98	
1039.99	
1039.99	
1040	
1040.02	
1040.03	
1040.03	
1040.05	
1040.06	
1040.06	
1040.07	
1040.09	
1040.1	
1040.1	
1040.12	
1040.13	
1040.13	
1040.14	
1040.16	
1040.17	
1040.17	
1040.19	
1040.2	
1040.2	
1040.21	
1040.23	
1040.24	
1040.24	
1040.26	
1040.27	
1040.27	
1040.28	
1040.3	
1040.31	
1040.31	
1040.34	
1040.34	
1040.34	
1040.35	
1040.37	
1040.38	
1040.38	
1040.4	
1040.41	
1040.41	
1040.43	
1040.44	
1040.45	
1040.45	
1040.47	
1040.48	
1040.48	
1040.49	
1040.51	
1040.52	
1040.52	
1040.54	
1040.55	
1040.55	
1040.56	
1040.58	
1040.58	
1040.59	
1040.61	
1040.62	
1040.62	
1040.63	
1040.65	
1040.66	
1040.66	
1040.68	
1040.69	
1040.7	
1040.7	
1040.7	
1040.73	
1040.73	
1040.75	
1040.76	
1040.76	
1040.77	
1040.79	
1040.8	
1040.8	
1040.82	
1040.83	
1040.83	
1040.84	
1040.86	
1040.87	
1040.87	
1040.89	
1040.9	
1040.9	
1040.91	
1040.93	
1040.94	
1040.94	
1040.96	
1040.97	
1040.97	
1040.99	
1041	
1041.01	
1041.01	
1041.03	
1041.04	
1041.04	
1041.06	
1041.07	
1041.08	
1041.08	
1041.1	
1041.11	
1041.11	
1041.13	
1041.14	
1041.15	
1041.15	
1041.17	
1041.18	
1041.18	
1041.19	
1041.21	
1041.22	
1041.22	
1041.24	
1041.25	
1041.25	
1041.27	
1041.28	
1041.29	
1041.29	
1041.31	
1041.32	
1041.32	
1041.33	
1041.35	
1041.36	
1041.36	
1041.38	
1041.39	
1041.39	
1041.4	
1041.42	
1041.43	
1041.43	
1041.45	
1041.46	
1041.46	
1041.47	
1041.49	
1041.5	
1041.5	
1041.52	
1041.53	
1041.53	
1041.54	
1041.56	
1041.57	
1041.57	
1041.59	
1041.6	
1041.6	
1041.61	
1041.63	
1041.64	
1041.64	
1041.66	
1041.67	
1041.67	
1041.68	
1041.7	
1041.71	
1041.71	
1041.73	
1041.74	
1041.74	
1041.75	
1041.77	
1041.78	
1041.78	
1041.8	
1041.81	
1041.81	
1041.82	
1041.84	
1041.85	
1041.85	
1041.87	
1041.88	
1041.88	
1041.89	
1041.91	
1041.92	
1041.92	
1041.94	
1041.95	
1041.95	
1041.96	
1041.98	
1041.99	
1041.99	
1042.01	
1042.02	
1042.02	
1042.03	
1042.05	
1042.06	
1042.06	
1042.08	
1042.09	
1042.1	
1042.1	
