time	
127.573	
127.573	
127.587	
127.601	
127.601	
127.615	
127.629	
127.643	
127.643	
127.657	
127.671	
127.671	
127.685	
127.699	
127.713	
127.713	
127.727	
127.741	
127.741	
127.755	
127.769	
127.783	
127.783	
127.797	
127.811	
127.811	
127.825	
127.839	
127.853	
127.853	
127.867	
127.881	
127.881	
127.895	
127.909	
127.923	
127.923	
127.937	
127.951	
127.951	
127.965	
127.979	
127.993	
127.993	
128.007	
128.021	
128.021	
128.035	
128.049	
128.063	
128.063	
128.077	
128.091	
128.091	
128.105	
128.119	
128.133	
128.133	
128.147	
128.161	
128.161	
128.175	
128.189	
128.203	
128.203	
128.217	
128.231	
128.231	
128.245	
128.259	
128.273	
128.273	
128.287	
128.301	
128.301	
128.315	
128.329	
128.343	
128.343	
128.357	
128.371	
128.371	
128.385	
128.399	
128.413	
128.413	
128.427	
128.441	
128.441	
128.455	
128.469	
128.483	
128.483	
128.497	
128.511	
128.511	
128.525	
128.539	
128.553	
128.553	
128.567	
128.581	
128.581	
128.595	
128.609	
128.623	
128.623	
128.637	
128.651	
128.651	
128.665	
128.679	
128.693	
128.693	
128.707	
128.721	
128.721	
128.735	
128.749	
128.763	
128.763	
128.777	
128.791	
128.791	
128.805	
128.819	
128.833	
128.833	
128.847	
128.861	
128.861	
128.875	
128.889	
128.903	
128.903	
128.917	
128.931	
128.931	
128.945	
128.959	
128.973	
128.973	
128.987	
129.001	
129.001	
129.015	
129.029	
129.043	
129.043	
129.057	
129.057	
129.074	
129.085	
129.099	
129.113	
129.113	
129.127	
129.141	
129.141	
129.155	
129.169	
129.183	
129.183	
129.197	
129.211	
129.211	
129.225	
129.225	
129.253	
129.253	
129.267	
129.267	
129.284	
129.295	
129.309	
129.323	
129.323	
129.337	
129.351	
129.351	
129.365	
129.379	
129.379	
129.379	
129.407	
129.421	
129.421	
129.435	
129.449	
129.463	
129.463	
129.477	
129.491	
129.491	
129.505	
129.519	
129.533	
129.533	
129.547	
129.561	
129.561	
129.575	
129.589	
129.603	
129.603	
129.617	
129.631	
129.631	
129.645	
129.659	
129.673	
129.673	
129.687	
129.701	
129.701	
129.715	
129.729	
129.743	
129.743	
129.757	
129.757	
129.778	
129.785	
129.799	
129.813	
129.813	
129.827	
129.841	
129.841	
129.855	
129.869	
129.869	
129.89	
129.897	
129.911	
129.911	
129.925	
129.939	
129.953	
129.953	
129.967	
129.981	
129.981	
129.995	
130.009	
130.023	
130.023	
130.037	
130.051	
130.051	
130.065	
130.065	
130.093	
130.093	
130.109	
130.121	
130.121	
130.135	
130.154	
130.163	
130.163	
130.177	
130.191	
130.191	
130.205	
130.223	
130.233	
130.233	
130.247	
130.261	
130.261	
130.275	
130.289	
130.303	
130.303	
130.318	
130.331	
130.331	
130.345	
130.345	
130.373	
130.373	
130.387	
130.401	
130.401	
130.415	
130.429	
130.443	
130.443	
130.457	
130.473	
130.473	
130.485	
130.499	
130.513	
130.513	
130.527	
130.541	
130.541	
130.555	
130.569	
130.583	
130.583	
130.597	
130.614	
130.614	
130.625	
130.639	
130.639	
130.658	
130.667	
130.681	
130.681	
130.695	
130.709	
130.723	
130.723	
130.737	
130.751	
130.751	
130.765	
130.779	
130.793	
130.793	
130.807	
130.821	
130.821	
130.835	
130.849	
130.863	
130.863	
130.877	
130.891	
130.891	
130.905	
130.919	
130.933	
130.933	
130.947	
130.961	
130.961	
130.975	
130.989	
131.003	
131.003	
131.017	
131.031	
131.031	
131.045	
131.059	
131.073	
131.073	
131.087	
131.101	
131.101	
131.115	
131.129	
131.143	
131.143	
131.157	
131.171	
131.171	
131.185	
131.199	
131.213	
131.213	
131.227	
131.241	
131.241	
131.255	
131.269	
131.283	
131.283	
131.297	
131.311	
131.311	
131.325	
131.339	
131.353	
131.353	
131.367	
131.381	
131.381	
131.395	
131.409	
131.409	
131.426	
131.437	
131.451	
131.451	
131.465	
131.479	
131.493	
131.493	
131.507	
131.521	
131.521	
131.535	
131.549	
131.563	
131.563	
131.577	
131.591	
131.591	
131.605	
131.619	
131.633	
131.633	
131.647	
131.661	
131.661	
131.675	
131.689	
131.703	
131.703	
131.717	
131.731	
131.731	
131.745	
131.759	
131.773	
131.773	
131.787	
131.801	
131.801	
131.815	
131.829	
131.843	
131.843	
131.857	
131.871	
131.871	
131.885	
131.899	
131.913	
131.913	
131.927	
131.941	
131.941	
131.955	
131.969	
131.969	
131.997	
131.997	
132.011	
132.011	
132.025	
132.039	
132.053	
132.053	
132.067	
132.081	
132.081	
132.095	
132.109	
132.123	
132.123	
132.137	
132.151	
132.151	
132.165	
132.179	
132.193	
132.193	
132.207	
132.221	
132.221	
132.235	
132.249	
132.263	
132.263	
132.277	
132.291	
132.291	
132.305	
132.319	
132.333	
132.333	
132.347	
132.361	
132.361	
132.375	
132.389	
132.403	
132.403	
132.417	
132.417	
132.439	
132.439	
132.459	
132.473	
132.473	
132.487	
132.501	
132.501	
132.515	
132.53	
132.543	
132.543	
132.557	
132.571	
132.585	
132.585	
132.599	
132.613	
132.613	
132.627	
132.641	
132.641	
132.655	
132.669	
132.683	
132.683	
132.697	
132.711	
132.711	
132.725	
132.739	
132.753	
132.753	
132.767	
132.781	
132.781	
132.795	
132.809	
132.823	
132.823	
132.837	
132.851	
132.851	
132.865	
132.879	
132.893	
132.893	
132.907	
132.921	
132.921	
132.935	
132.949	
132.963	
132.963	
132.977	
132.991	
132.991	
133.005	
133.019	
133.033	
133.033	
133.047	
133.061	
133.061	
133.075	
133.089	
133.103	
133.103	
133.117	
133.131	
133.131	
133.145	
133.159	
133.173	
133.173	
133.187	
133.201	
133.201	
133.215	
133.229	
133.243	
133.243	
133.257	
133.271	
133.271	
133.285	
133.299	
133.313	
133.313	
133.327	
133.341	
133.341	
133.355	
133.369	
133.383	
133.383	
133.397	
133.411	
133.411	
133.425	
133.439	
133.453	
133.453	
133.453	
133.481	
133.481	
133.495	
133.509	
133.523	
133.523	
133.538	
133.551	
133.551	
133.565	
133.579	
133.593	
133.593	
133.607	
133.621	
133.621	
133.635	
133.649	
133.663	
133.663	
133.677	
133.691	
133.691	
133.705	
133.719	
133.733	
133.733	
133.747	
133.761	
133.761	
133.775	
133.789	
133.803	
133.803	
133.817	
133.831	
133.831	
133.845	
133.859	
133.873	
133.873	
133.887	
133.901	
133.901	
133.915	
133.931	
133.943	
133.943	
133.957	
133.973	
133.973	
133.985	
133.999	
134.013	
134.013	
134.027	
134.041	
134.041	
134.055	
134.069	
134.083	
134.083	
134.097	
134.111	
134.111	
134.125	
134.139	
134.153	
134.153	
134.167	
134.181	
134.181	
134.195	
134.209	
134.223	
134.223	
134.237	
134.251	
134.251	
134.265	
134.279	
134.293	
134.293	
134.307	
134.321	
134.321	
134.335	
134.349	
134.363	
134.363	
134.377	
134.391	
134.391	
134.405	
134.419	
134.433	
134.433	
134.447	
134.461	
134.461	
134.475	
134.489	
134.503	
134.503	
134.517	
134.517	
134.546	
134.559	
134.559	
134.578	
134.578	
134.606	
134.616	
134.616	
134.629	
134.643	
134.643	
134.657	
134.671	
134.685	
134.685	
134.699	
134.713	
134.713	
134.727	
134.741	
134.755	
134.755	
134.769	
134.783	
134.783	
134.797	
134.811	
134.825	
134.825	
134.839	
134.853	
134.853	
134.867	
134.895	
134.895	
134.909	
134.909	
134.923	
134.937	
134.937	
134.951	
134.965	
134.965	
134.979	
134.993	
134.993	
135.007	
135.021	
135.035	
135.035	
135.049	
135.063	
135.063	
135.077	
135.091	
135.105	
135.105	
135.119	
135.133	
135.133	
135.147	
135.161	
135.175	
135.175	
135.189	
135.203	
135.217	
135.231	
135.231	
135.245	
135.245	
135.259	
135.273	
135.273	
135.287	
135.301	
135.315	
135.315	
135.329	
135.343	
135.343	
135.357	
135.371	
135.385	
135.385	
135.399	
135.413	
135.413	
135.427	
135.441	
