time	
4407.76	
4407.78	
4407.79	
4407.8	
4407.8	
4407.82	
4407.83	
4407.83	
4407.85	
4407.86	
4407.87	
4407.87	
4407.89	
4407.9	
4407.9	
4407.92	
4407.93	
4407.94	
4407.94	
4407.96	
4407.97	
4407.97	
4407.99	
4408	
4408.01	
4408.01	
4408.03	
4408.04	
4408.04	
4408.06	
4408.07	
4408.08	
4408.08	
4408.1	
4408.11	
4408.11	
4408.12	
4408.14	
4408.15	
4408.15	
4408.17	
4408.18	
4408.18	
4408.2	
4408.21	
4408.22	
4408.22	
4408.24	
4408.25	
4408.25	
4408.27	
4408.28	
4408.29	
4408.29	
4408.31	
4408.32	
4408.33	
4408.33	
4408.35	
4408.36	
4408.36	
4408.38	
4408.39	
4408.39	
4408.41	
4408.42	
4408.43	
4408.43	
4408.45	
4408.46	
4408.46	
4408.48	
4408.49	
4408.5	
4408.52	
4408.52	
4408.53	
4408.53	
4408.55	
4408.56	
4408.57	
4408.57	
4408.59	
4408.6	
4408.6	
4408.62	
4408.63	
4408.64	
4408.64	
4408.66	
4408.67	
4408.67	
4408.69	
4408.7	
4408.71	
4408.71	
4408.73	
4408.74	
4408.74	
4408.76	
4408.77	
4408.77	
4408.78	
4408.8	
4408.81	
4408.81	
4408.83	
4408.84	
4408.85	
4408.85	
4408.87	
4408.88	
4408.88	
4408.9	
4408.91	
4408.92	
4408.94	
4408.94	
4408.95	
4408.95	
4408.97	
4408.98	
4408.99	
4408.99	
4409.01	
4409.02	
4409.04	
4409.04	
4409.05	
4409.05	
4409.07	
4409.08	
4409.09	
4409.09	
4409.1	
4409.12	
4409.13	
4409.13	
4409.15	
4409.16	
4409.16	
4409.18	
4409.19	
4409.2	
4409.2	
4409.22	
4409.23	
4409.23	
4409.25	
4409.26	
4409.27	
4409.27	
4409.29	
4409.3	
4409.3	
4409.32	
4409.33	
4409.34	
4409.34	
4409.36	
4409.37	
4409.37	
4409.39	
4409.4	
4409.41	
4409.41	
4409.43	
4409.44	
4409.46	
4409.46	
4409.47	
4409.48	
4409.48	
4409.5	
4409.51	
4409.51	
4409.53	
4409.54	
4409.55	
4409.55	
4409.57	
4409.58	
4409.58	
4409.6	
4409.61	
4409.62	
4409.62	
4409.64	
4409.65	
4409.65	
4409.67	
4409.68	
4409.69	
4409.69	
4409.71	
4409.72	
4409.72	
4409.74	
4409.75	
4409.76	
4409.76	
4409.78	
4409.79	
4409.79	
4409.81	
4409.82	
4409.83	
4409.83	
4409.85	
4409.86	
4409.86	
4409.88	
4409.89	
4409.89	
4409.91	
4409.92	
4409.93	
4409.93	
4409.95	
4409.96	
4409.97	
4409.97	
4409.99	
4410	
4410	
4410.02	
4410.03	
4410.03	
4410.05	
4410.06	
4410.07	
4410.07	
4410.08	
4410.1	
4410.11	
4410.11	
4410.13	
4410.13	
4410.15	
4410.16	
4410.17	
4410.18	
4410.18	
4410.2	
4410.21	
4410.21	
4410.23	
4410.24	
4410.25	
4410.25	
4410.27	
4410.28	
4410.28	
4410.3	
4410.31	
4410.32	
4410.34	
4410.34	
4410.35	
4410.35	
4410.37	
4410.38	
4410.39	
4410.39	
4410.41	
4410.42	
4410.42	
4410.44	
4410.45	
4410.46	
4410.46	
4410.48	
4410.49	
4410.49	
4410.51	
4410.52	
4410.53	
4410.53	
4410.55	
4410.56	
4410.56	
4410.59	
4410.59	
4410.6	
4410.6	
4410.62	
4410.63	
4410.63	
4410.65	
4410.66	
4410.67	
4410.67	
4410.69	
4410.7	
4410.7	
4410.72	
4410.73	
4410.74	
4410.74	
4410.76	
4410.77	
4410.77	
4410.79	
4410.8	
4410.81	
4410.81	
4410.84	
4410.84	
4410.84	
4410.86	
4410.87	
4410.88	
4410.88	
4410.9	
4410.91	
4410.91	
4410.93	
4410.94	
4410.95	
4410.95	
4410.97	
4410.98	
4410.98	
4411	
4411.01	
4411.02	
4411.02	
4411.04	
4411.05	
4411.05	
4411.07	
4411.08	
4411.09	
4411.09	
4411.11	
4411.12	
4411.12	
4411.14	
4411.15	
4411.16	
4411.16	
4411.18	
4411.19	
4411.21	
4411.21	
4411.22	
4411.23	
4411.23	
4411.25	
4411.26	
4411.26	
4411.28	
4411.29	
4411.29	
4411.31	
4411.32	
4411.33	
4411.35	
4411.35	
4411.36	
4411.37	
4411.37	
4411.39	
4411.4	
4411.4	
4411.42	
4411.43	
4411.43	
4411.46	
4411.46	
4411.47	
4411.47	
4411.49	
4411.5	
4411.51	
4411.51	
4411.53	
4411.54	
4411.54	
4411.56	
4411.57	
4411.58	
4411.58	
4411.6	
4411.61	
4411.62	
4411.62	
4411.64	
4411.65	
4411.65	
4411.67	
4411.68	
4411.68	
4411.71	
4411.71	
4411.72	
4411.72	
4411.74	
4411.75	
4411.75	
4411.77	
4411.78	
4411.79	
4411.79	
4411.81	
4411.82	
4411.82	
4411.83	
4411.85	
4411.86	
4411.86	
4411.88	
4411.89	
4411.89	
4411.91	
4411.92	
4411.93	
4411.93	
4411.95	
4411.96	
4411.96	
4411.98	
4411.99	
4412	
4412	
4412.02	
4412.03	
4412.03	
4412.05	
4412.06	
4412.06	
4412.07	
4412.09	
4412.1	
4412.1	
4412.12	
4412.13	
4412.14	
4412.14	
4412.16	
4412.17	
4412.17	
4412.19	
4412.2	
4412.21	
4412.21	
4412.23	
4412.24	
4412.24	
4412.26	
4412.27	
4412.28	
4412.28	
4412.3	
4412.31	
4412.31	
4412.33	
4412.34	
4412.35	
4412.35	
4412.37	
4412.38	
4412.38	
4412.4	
4412.41	
4412.42	
4412.42	
4412.44	
4412.45	
4412.45	
4412.47	
4412.48	
4412.49	
4412.49	
4412.51	
4412.52	
4412.52	
4412.54	
4412.55	
4412.56	
4412.56	
4412.58	
4412.59	
4412.59	
4412.6	
4412.62	
4412.63	
4412.63	
4412.65	
4412.66	
4412.66	
4412.68	
4412.69	
4412.7	
4412.7	
4412.72	
4412.73	
4412.73	
4412.75	
4412.76	
4412.77	
4412.77	
4412.79	
4412.8	
4412.8	
4412.82	
4412.83	
4412.84	
4412.84	
4412.86	
4412.87	
4412.87	
4412.89	
4412.9	
4412.91	
4412.91	
4412.93	
4412.94	
4412.94	
4412.96	
4412.97	
4412.98	
4412.98	
4413	
4413.01	
4413.01	
4413.03	
4413.04	
4413.05	
4413.05	
4413.07	
4413.08	
4413.1	
4413.1	
4413.11	
4413.12	
4413.12	
4413.14	
4413.15	
4413.15	
4413.17	
4413.18	
4413.19	
4413.19	
4413.21	
4413.22	
4413.22	
4413.24	
4413.25	
4413.26	
4413.26	
4413.28	
4413.29	
4413.29	
4413.31	
4413.32	
4413.33	
4413.33	
4413.35	
4413.36	
4413.36	
4413.38	
4413.39	
4413.4	
4413.4	
4413.42	
4413.43	
4413.43	
4413.45	
4413.46	
4413.47	
4413.47	
4413.49	
4413.5	
4413.5	
4413.52	
4413.53	
4413.54	
4413.54	
4413.56	
4413.57	
4413.57	
4413.58	
4413.6	
4413.61	
4413.61	
4413.63	
4413.64	
4413.64	
4413.66	
4413.68	
4413.68	
4413.68	
4413.7	
4413.71	
4413.71	
4413.73	
4413.74	
4413.75	
4413.75	
4413.77	
4413.78	
4413.78	
4413.8	
4413.81	
4413.82	
4413.82	
4413.84	
4413.85	
4413.85	
4413.87	
4413.88	
4413.89	
4413.89	
4413.91	
4413.92	
4413.94	
4413.94	
4413.95	
4413.96	
4413.96	
4413.98	
4413.99	
4413.99	
4414.01	
4414.02	
4414.03	
4414.03	
4414.05	
4414.06	
4414.06	
4414.08	
4414.09	
4414.1	
4414.1	
4414.12	
4414.13	
4414.13	
4414.15	
4414.16	
4414.17	
4414.17	
4414.19	
4414.2	
4414.2	
4414.22	
4414.23	
4414.24	
4414.24	
4414.26	
4414.27	
4414.27	
4414.29	
4414.3	
4414.31	
4414.31	
4414.33	
4414.34	
4414.34	
4414.35	
4414.37	
4414.38	
4414.38	
4414.4	
4414.41	
4414.41	
4414.43	
4414.44	
4414.45	
4414.45	
4414.47	
4414.48	
4414.48	
4414.5	
4414.51	
4414.52	
4414.52	
4414.54	
4414.55	
4414.55	
4414.57	
4414.58	
4414.59	
4414.59	
4414.61	
4414.62	
4414.62	
4414.64	
4414.65	
4414.66	
4414.66	
4414.68	
4414.69	
4414.69	
4414.71	
4414.72	
4414.73	
4414.73	
4414.75	
4414.76	
4414.76	
4414.78	
4414.79	
4414.8	
4414.8	
4414.82	
4414.83	
4414.83	
4414.85	
4414.86	
4414.87	
4414.87	
4414.89	
4414.9	
4414.9	
4414.92	
