time	
268.623	
268.637	
268.651	
268.651	
268.665	
268.679	
268.679	
268.693	
268.707	
268.721	
268.721	
268.735	
268.749	
268.749	
268.763	
268.777	
268.791	
268.791	
268.805	
268.819	
268.819	
268.833	
268.847	
268.861	
268.875	
268.875	
268.889	
268.889	
268.903	
268.917	
268.931	
268.931	
268.945	
268.959	
268.973	
268.973	
268.987	
269.001	
269.001	
269.015	
269.029	
269.029	
269.043	
269.057	
269.071	
269.071	
269.085	
269.099	
269.099	
269.113	
269.127	
269.141	
269.141	
269.155	
269.169	
269.169	
269.183	
269.197	
269.211	
269.211	
269.225	
269.239	
269.239	
269.253	
269.267	
269.281	
269.281	
269.295	
269.309	
269.323	
269.323	
269.337	
269.351	
269.365	
269.365	
269.379	
269.393	
269.393	
269.407	
269.421	
269.421	
269.435	
269.449	
269.449	
269.463	
269.477	
269.491	
269.491	
269.505	
269.519	
269.519	
269.533	
269.547	
269.561	
269.561	
269.575	
269.589	
269.589	
269.603	
269.617	
269.631	
269.631	
269.645	
269.659	
269.673	
269.673	
269.687	
269.701	
269.701	
269.715	
269.729	
269.729	
269.743	
269.757	
269.771	
269.771	
269.785	
269.799	
269.799	
269.813	
269.827	
269.841	
269.841	
269.855	
269.869	
269.869	
269.883	
269.897	
269.911	
269.911	
269.925	
269.939	
269.939	
269.953	
269.967	
269.981	
269.981	
269.995	
270.009	
270.009	
270.023	
270.037	
270.051	
270.051	
270.065	
270.079	
270.079	
270.093	
270.107	
270.121	
270.121	
270.135	
270.149	
270.149	
270.163	
270.177	
270.191	
270.191	
270.205	
270.219	
270.219	
270.233	
270.247	
270.261	
270.261	
270.275	
270.289	
270.289	
270.303	
270.317	
270.331	
270.331	
270.345	
270.359	
270.373	
270.373	
270.387	
270.401	
270.401	
270.415	
270.429	
270.429	
270.443	
270.457	
270.471	
270.471	
270.485	
270.499	
270.499	
270.513	
270.527	
270.541	
270.541	
270.556	
270.569	
270.569	
270.584	
270.597	
270.611	
270.611	
270.627	
270.639	
270.639	
270.653	
270.667	
270.681	
270.681	
270.696	
270.709	
270.709	
270.723	
270.737	
270.751	
270.751	
270.765	
270.779	
270.793	
270.793	
270.807	
270.821	
270.821	
270.835	
270.849	
270.849	
270.865	
270.877	
270.877	
270.893	
270.905	
270.919	
270.919	
270.933	
270.949	
270.961	
270.961	
270.975	
270.975	
271.003	
271.003	
271.017	
271.031	
271.031	
271.046	
271.059	
271.059	
271.075	
271.087	
271.101	
271.101	
271.119	
271.129	
271.129	
271.143	
271.157	
271.171	
271.171	
271.185	
271.199	
271.213	
271.213	
271.227	
271.241	
271.241	
271.255	
271.269	
271.269	
271.283	
271.297	
271.311	
271.311	
271.325	
271.339	
271.339	
271.353	
271.367	
271.381	
271.381	
271.395	
271.409	
271.409	
271.423	
271.437	
271.451	
271.451	
271.465	
271.465	
271.49	
271.493	
271.507	
271.521	
271.521	
271.535	
271.549	
271.549	
271.563	
271.577	
271.591	
271.591	
271.605	
271.619	
271.619	
271.633	
271.647	
271.661	
271.661	
271.677	
271.689	
271.689	
271.703	
271.717	
271.731	
271.731	
271.745	
271.759	
271.759	
271.773	
271.787	
271.801	
271.801	
271.815	
271.829	
271.829	
271.843	
271.857	
271.871	
271.871	
271.885	
271.899	
271.899	
271.913	
271.927	
271.941	
271.941	
271.955	
271.969	
271.969	
271.983	
271.997	
272.011	
272.011	
272.025	
272.039	
272.039	
272.053	
272.067	
272.081	
272.081	
272.095	
272.109	
272.109	
272.123	
272.137	
272.151	
272.151	
272.165	
272.179	
272.179	
272.193	
272.207	
272.221	
272.221	
272.235	
272.249	
272.249	
272.263	
272.277	
272.291	
272.291	
272.305	
272.319	
272.319	
272.333	
272.347	
272.361	
272.361	
272.375	
272.389	
272.389	
272.403	
272.417	
272.431	
272.431	
272.445	
272.459	
272.459	
272.473	
272.487	
272.502	
272.502	
272.515	
272.529	
272.529	
272.543	
272.557	
272.571	
272.571	
272.585	
272.599	
272.599	
272.613	
272.627	
272.641	
272.641	
272.655	
272.669	
272.669	
272.683	
272.698	
272.711	
272.711	
272.725	
272.739	
272.739	
272.753	
272.767	
272.781	
272.781	
272.795	
272.809	
272.809	
272.823	
272.838	
272.851	
272.851	
272.867	
272.879	
272.879	
272.893	
272.907	
272.921	
272.921	
272.935	
272.951	
272.951	
272.963	
272.977	
272.991	
272.991	
273.005	
273.019	
273.033	
273.033	
273.047	
273.061	
273.061	
273.075	
273.089	
273.089	
273.103	
273.118	
273.131	
273.131	
273.145	
273.159	
273.173	
273.173	
273.188	
273.201	
273.201	
273.215	
273.229	
273.229	
273.243	
273.257	
273.272	
273.272	
273.285	
273.299	
273.299	
273.315	
273.327	
273.341	
273.341	
273.355	
273.369	
273.369	
273.383	
273.397	
273.411	
273.411	
273.425	
273.44	
273.44	
273.453	
273.467	
273.481	
273.481	
273.495	
273.509	
273.509	
273.524	
273.537	
273.552	
273.552	
273.565	
273.579	
273.579	
273.593	
273.608	
273.621	
273.621	
273.635	
273.649	
273.649	
273.663	
273.678	
273.691	
273.691	
273.705	
273.719	
273.719	
273.733	
273.747	
273.761	
273.761	
273.776	
273.789	
273.789	
273.803	
273.817	
273.831	
273.831	
273.845	
273.859	
273.874	
273.874	
273.887	
273.901	
273.901	
273.915	
273.929	
273.929	
273.943	
273.957	
273.971	
273.971	
273.985	
273.999	
273.999	
274.013	
274.027	
274.041	
274.041	
274.055	
274.069	
274.069	
274.083	
274.097	
274.111	
274.111	
274.125	
274.139	
274.139	
274.153	
274.167	
274.181	
274.181	
274.195	
274.209	
274.223	
274.223	
274.237	
274.251	
274.251	
274.265	
274.279	
274.279	
274.293	
274.307	
274.321	
274.321	
274.335	
274.349	
274.349	
274.363	
274.377	
274.391	
274.391	
274.405	
274.419	
274.433	
274.433	
274.447	
274.461	
274.461	
274.475	
274.489	
274.489	
274.503	
274.517	
274.531	
274.531	
274.545	
274.559	
274.573	
274.573	
274.587	
274.601	
274.601	
274.615	
274.629	
274.643	
274.643	
274.657	
274.671	
274.671	
274.685	
274.699	
274.699	
274.713	
274.727	
274.741	
274.741	
274.755	
274.769	
274.783	
274.783	
274.797	
274.811	
274.811	
274.825	
274.839	
274.839	
274.853	
274.867	
274.881	
274.881	
274.895	
274.909	
274.909	
274.923	
274.937	
274.951	
274.951	
274.965	
274.979	
274.979	
274.993	
275.007	
275.021	
275.021	
275.035	
275.049	
275.049	
275.063	
275.077	
275.091	
275.091	
275.105	
275.119	
275.119	
275.133	
275.147	
275.161	
275.161	
275.175	
275.189	
275.189	
275.203	
275.219	
275.231	
275.231	
275.245	
275.259	
275.259	
275.273	
275.287	
275.301	
275.301	
275.315	
275.329	
275.329	
275.343	
275.357	
275.371	
275.385	
275.385	
275.399	
275.399	
275.413	
275.427	
275.441	
275.441	
275.455	
275.469	
275.483	
275.483	
275.497	
275.511	
275.511	
275.525	
275.539	
275.539	
275.553	
275.567	
275.581	
275.581	
275.595	
275.609	
275.609	
275.623	
275.637	
275.651	
275.651	
275.665	
275.679	
275.679	
275.693	
275.707	
275.721	
275.721	
275.735	
275.749	
275.749	
275.763	
275.777	
275.791	
275.805	
275.805	
275.819	
275.833	
275.833	
275.847	
275.861	
275.861	
275.875	
275.889	
275.889	
275.903	
275.917	
275.931	
275.931	
275.945	
275.959	
275.973	
275.973	
275.987	
276.001	
276.001	
276.015	
276.029	
276.029	
276.043	
276.057	
276.071	
276.071	
276.085	
276.099	
276.099	
276.113	
276.127	
276.141	
276.141	
276.155	
276.169	
276.169	
276.183	
276.197	
276.211	
276.211	
276.225	
276.239	
276.239	
276.253	
276.267	
276.281	
276.281	
276.295	
276.309	
276.309	
276.323	
276.337	
276.351	
276.351	
276.365	
276.379	
276.379	
276.393	
276.407	
276.421	
276.421	
276.435	
