time	
1812.01	
1812.02	
1812.02	
1812.04	
1812.05	
1812.05	
1812.06	
1812.08	
1812.09	
1812.09	
1812.11	
1812.12	
1812.12	
1812.13	
1812.15	
1812.16	
1812.16	
1812.18	
1812.19	
1812.19	
1812.2	
1812.22	
1812.23	
1812.23	
1812.25	
1812.26	
1812.26	
1812.27	
1812.29	
1812.3	
1812.3	
1812.32	
1812.33	
1812.33	
1812.34	
1812.36	
1812.37	
1812.37	
1812.39	
1812.4	
1812.4	
1812.41	
1812.43	
1812.44	
1812.44	
1812.46	
1812.47	
1812.47	
1812.48	
1812.5	
1812.51	
1812.51	
1812.53	
1812.54	
1812.54	
1812.55	
1812.57	
1812.58	
1812.58	
1812.6	
1812.61	
1812.61	
1812.62	
1812.64	
1812.64	
1812.65	
1812.67	
1812.68	
1812.68	
1812.69	
1812.71	
1812.72	
1812.72	
1812.74	
1812.75	
1812.75	
1812.76	
1812.78	
1812.79	
1812.79	
1812.81	
1812.82	
1812.82	
1812.83	
1812.85	
1812.86	
1812.86	
1812.88	
1812.89	
1812.89	
1812.9	
1812.92	
1812.93	
1812.93	
1812.95	
1812.96	
1812.96	
1812.97	
1812.99	
1813	
1813	
1813.02	
1813.03	
1813.03	
1813.04	
1813.06	
1813.07	
1813.07	
1813.09	
1813.1	
1813.1	
1813.11	
1813.13	
1813.14	
1813.14	
1813.16	
1813.17	
1813.17	
1813.18	
1813.2	
1813.21	
1813.21	
1813.23	
1813.24	
1813.24	
1813.26	
1813.27	
1813.28	
1813.28	
1813.3	
1813.31	
1813.31	
1813.32	
1813.34	
1813.35	
1813.35	
1813.37	
1813.38	
1813.38	
1813.39	
1813.41	
1813.42	
1813.42	
1813.44	
1813.45	
1813.45	
1813.46	
1813.48	
1813.49	
1813.49	
1813.51	
1813.52	
1813.52	
1813.53	
1813.55	
1813.55	
1813.57	
1813.58	
1813.59	
1813.59	
1813.6	
1813.62	
1813.63	
1813.63	
1813.65	
1813.66	
1813.66	
1813.67	
1813.69	
1813.69	
1813.7	
1813.72	
1813.73	
1813.73	
1813.74	
1813.76	
1813.77	
1813.77	
1813.79	
1813.8	
1813.8	
1813.81	
1813.83	
1813.84	
1813.84	
1813.86	
1813.87	
1813.87	
1813.88	
1813.9	
1813.91	
1813.91	
1813.93	
1813.94	
1813.94	
1813.95	
1813.97	
1813.98	
1813.98	
1814	
1814.01	
1814.01	
1814.02	
1814.04	
1814.05	
1814.05	
1814.07	
1814.08	
1814.08	
1814.09	
1814.11	
1814.12	
1814.12	
1814.14	
1814.14	
1814.15	
1814.16	
1814.18	
1814.19	
1814.19	
1814.21	
1814.22	
1814.22	
1814.23	
1814.25	
1814.26	
1814.26	
1814.28	
1814.28	
1814.29	
1814.3	
1814.32	
1814.33	
1814.33	
1814.35	
1814.36	
1814.36	
1814.37	
1814.39	
1814.4	
1814.4	
1814.42	
1814.43	
1814.43	
1814.44	
1814.46	
1814.47	
1814.47	
1814.49	
1814.5	
1814.5	
1814.51	
1814.53	
1814.54	
1814.54	
1814.56	
1814.57	
1814.57	
1814.58	
1814.6	
1814.61	
1814.61	
1814.63	
1814.64	
1814.64	
1814.65	
1814.67	
1814.68	
1814.68	
1814.7	
1814.7	
1814.71	
1814.72	
1814.74	
1814.75	
1814.75	
1814.77	
1814.78	
1814.79	
1814.79	
1814.81	
1814.81	
1814.82	
1814.84	
1814.85	
1814.85	
1814.87	
1814.88	
1814.89	
1814.89	
1814.91	
1814.92	
1814.92	
1814.93	
1814.93	
1814.96	
1814.96	
1814.98	
1814.99	
1814.99	
1815	
1815.02	
1815.03	
1815.03	
1815.05	
1815.06	
1815.06	
1815.07	
1815.09	
1815.1	
1815.1	
1815.12	
1815.13	
1815.13	
1815.14	
1815.16	
1815.17	
1815.17	
1815.19	
1815.2	
1815.2	
1815.21	
1815.23	
1815.24	
1815.24	
1815.26	
1815.27	
1815.27	
1815.28	
1815.3	
1815.31	
1815.31	
1815.33	
1815.34	
1815.34	
1815.35	
1815.37	
1815.37	
1815.38	
1815.4	
1815.41	
1815.41	
1815.42	
1815.44	
1815.45	
1815.45	
1815.47	
1815.48	
1815.48	
1815.49	
1815.51	
1815.52	
1815.52	
1815.54	
1815.55	
1815.55	
1815.56	
1815.58	
1815.59	
1815.59	
1815.61	
1815.61	
1815.63	
1815.63	
1815.65	
1815.66	
1815.66	
1815.68	
1815.69	
1815.69	
1815.7	
1815.72	
1815.73	
1815.73	
1815.75	
1815.76	
1815.76	
1815.77	
1815.79	
1815.79	
1815.8	
1815.82	
1815.83	
1815.83	
1815.84	
1815.86	
1815.87	
1815.87	
1815.89	
1815.9	
1815.9	
1815.91	
1815.93	
1815.94	
1815.94	
1815.96	
1815.97	
1815.97	
1815.98	
1816	
1816.01	
1816.03	
1816.03	
1816.04	
1816.04	
1816.05	
1816.07	
1816.08	
1816.08	
1816.1	
1816.11	
1816.11	
1816.12	
1816.14	
1816.15	
1816.15	
1816.17	
1816.18	
1816.18	
1816.19	
1816.21	
1816.22	
1816.22	
1816.24	
1816.25	
1816.25	
1816.26	
1816.28	
1816.29	
1816.29	
1816.31	
1816.32	
1816.32	
1816.33	
1816.35	
1816.36	
1816.36	
1816.38	
1816.39	
1816.39	
1816.4	
1816.42	
1816.43	
1816.43	
1816.45	
1816.46	
1816.46	
1816.47	
1816.49	
1816.5	
1816.5	
1816.52	
1816.53	
1816.53	
1816.54	
1816.56	
1816.57	
1816.57	
1816.59	
1816.6	
1816.6	
1816.61	
1816.63	
1816.64	
1816.64	
1816.66	
1816.67	
1816.67	
1816.68	
1816.7	
1816.71	
1816.71	
1816.73	
1816.74	
1816.74	
1816.75	
1816.77	
1816.78	
1816.78	
1816.8	
1816.81	
1816.81	
1816.82	
1816.84	
1816.85	
1816.85	
1816.87	
1816.88	
1816.88	
1816.89	
1816.91	
1816.92	
1816.92	
1816.94	
1816.95	
1816.95	
1816.96	
1816.98	
1816.99	
1816.99	
1817.01	
1817.02	
1817.02	
1817.03	
1817.05	
1817.06	
1817.06	
1817.08	
1817.09	
1817.09	
1817.1	
1817.12	
1817.13	
1817.13	
1817.15	
1817.16	
1817.16	
1817.17	
1817.19	
1817.2	
1817.2	
1817.22	
1817.23	
1817.23	
1817.24	
1817.26	
1817.27	
1817.27	
1817.29	
1817.3	
1817.3	
1817.31	
1817.33	
1817.34	
1817.34	
1817.36	
1817.37	
1817.37	
1817.38	
1817.4	
1817.41	
1817.41	
1817.43	
1817.44	
1817.44	
1817.45	
1817.47	
1817.48	
1817.48	
1817.5	
1817.51	
1817.51	
1817.52	
1817.54	
1817.55	
1817.55	
1817.57	
1817.58	
1817.58	
1817.59	
1817.61	
1817.62	
1817.62	
1817.64	
1817.65	
1817.65	
1817.66	
1817.68	
1817.69	
1817.69	
1817.71	
1817.72	
1817.72	
1817.73	
1817.75	
1817.76	
1817.76	
1817.78	
1817.79	
1817.79	
1817.8	
1817.82	
1817.83	
1817.83	
1817.85	
1817.86	
1817.86	
1817.87	
1817.89	
1817.9	
1817.9	
1817.92	
1817.93	
1817.93	
1817.94	
1817.96	
1817.97	
1817.97	
1817.99	
1818	
1818	
1818.01	
1818.03	
1818.04	
1818.04	
1818.06	
1818.07	
1818.07	
1818.08	
1818.1	
1818.11	
1818.11	
1818.13	
1818.14	
1818.14	
1818.15	
1818.17	
1818.18	
1818.18	
1818.2	
1818.21	
1818.21	
1818.22	
1818.24	
1818.25	
1818.25	
1818.27	
1818.28	
1818.28	
1818.29	
1818.31	
1818.32	
1818.32	
1818.34	
1818.35	
1818.35	
1818.36	
1818.38	
1818.39	
1818.39	
1818.41	
1818.42	
1818.42	
1818.43	
1818.45	
1818.46	
1818.46	
1818.48	
1818.49	
1818.49	
1818.5	
1818.52	
1818.53	
1818.53	
1818.55	
1818.56	
1818.56	
1818.57	
1818.59	
1818.6	
1818.6	
1818.62	
1818.63	
1818.63	
1818.64	
1818.66	
1818.67	
1818.67	
1818.69	
1818.7	
1818.7	
1818.71	
1818.73	
1818.74	
1818.74	
1818.76	
1818.77	
1818.77	
1818.78	
1818.8	
1818.81	
1818.81	
1818.83	
1818.84	
1818.84	
1818.85	
1818.87	
1818.88	
1818.88	
1818.9	
1818.91	
1818.91	
1818.92	
1818.94	
1818.95	
1818.95	
1818.97	
1818.98	
1818.98	
1818.99	
1819.01	
1819.02	
1819.02	
1819.04	
1819.05	
1819.05	
1819.06	
1819.08	
1819.09	
1819.09	
1819.11	
1819.12	
1819.12	
1819.13	
1819.15	
1819.16	
1819.16	
1819.18	
1819.19	
1819.19	
1819.2	
1819.22	
1819.23	
1819.23	
1819.25	
1819.26	
1819.26	
1819.27	
1819.29	
1819.3	
1819.3	
1819.32	
1819.33	
1819.33	
1819.34	
1819.36	
1819.37	
1819.37	
1819.39	
1819.4	
1819.4	
1819.41	
1819.43	
1819.44	
1819.44	
1819.46	
1819.47	
1819.47	
1819.48	
1819.5	
1819.51	
1819.51	
1819.53	
1819.54	
1819.54	
1819.55	
1819.57	
1819.58	
1819.58	
1819.6	
1819.61	
1819.61	
1819.62	
1819.64	
1819.65	
1819.65	
1819.67	
1819.68	
1819.68	
1819.69	
1819.71	
1819.72	
1819.72	
1819.74	
1819.75	
1819.75	
1819.76	
1819.78	
1819.79	
1819.79	
1819.81	
1819.82	
1819.82	
1819.83	
1819.85	
1819.86	
1819.86	
1819.88	
1819.89	
1819.89	
1819.9	
1819.92	
1819.93	
