time	
2195.5	
2195.52	
2195.53	
2195.53	
2195.55	
2195.56	
2195.56	
2195.57	
2195.59	
2195.6	
2195.6	
2195.62	
2195.63	
2195.63	
2195.64	
2195.66	
2195.67	
2195.67	
2195.69	
2195.7	
2195.7	
2195.71	
2195.73	
2195.74	
2195.74	
2195.76	
2195.77	
2195.77	
2195.78	
2195.8	
2195.81	
2195.81	
2195.83	
2195.84	
2195.84	
2195.85	
2195.87	
2195.88	
2195.88	
2195.9	
2195.91	
2195.91	
2195.92	
2195.94	
2195.95	
2195.95	
2195.97	
2195.98	
2195.98	
2195.99	
2196.01	
2196.02	
2196.02	
2196.04	
2196.05	
2196.05	
2196.06	
2196.08	
2196.09	
2196.09	
2196.11	
2196.12	
2196.12	
2196.13	
2196.15	
2196.16	
2196.16	
2196.18	
2196.19	
2196.19	
2196.2	
2196.22	
2196.23	
2196.23	
2196.25	
2196.26	
2196.26	
2196.27	
2196.29	
2196.3	
2196.3	
2196.32	
2196.33	
2196.33	
2196.34	
2196.36	
2196.37	
2196.37	
2196.39	
2196.4	
2196.4	
2196.41	
2196.43	
2196.44	
2196.44	
2196.46	
2196.47	
2196.47	
2196.48	
2196.5	
2196.51	
2196.51	
2196.53	
2196.54	
2196.54	
2196.55	
2196.57	
2196.58	
2196.58	
2196.6	
2196.61	
2196.61	
2196.62	
2196.64	
2196.65	
2196.65	
2196.67	
2196.68	
2196.68	
2196.69	
2196.71	
2196.72	
2196.72	
2196.74	
2196.75	
2196.75	
2196.77	
2196.78	
2196.78	
2196.8	
2196.81	
2196.82	
2196.82	
2196.83	
2196.85	
2196.86	
2196.86	
2196.88	
2196.89	
2196.89	
2196.9	
2196.92	
2196.93	
2196.93	
2196.95	
2196.96	
2196.96	
2196.98	
2196.99	
2197	
2197	
2197.02	
2197.03	
2197.03	
2197.04	
2197.06	
2197.07	
2197.07	
2197.09	
2197.1	
2197.1	
2197.11	
2197.13	
2197.14	
2197.14	
2197.16	
2197.17	
2197.17	
2197.18	
2197.2	
2197.21	
2197.21	
2197.23	
2197.24	
2197.24	
2197.25	
2197.27	
2197.28	
2197.28	
2197.3	
2197.31	
2197.31	
2197.32	
2197.34	
2197.35	
2197.35	
2197.37	
2197.38	
2197.38	
2197.39	
2197.41	
2197.42	
2197.42	
2197.44	
2197.45	
2197.45	
2197.46	
2197.48	
2197.49	
2197.49	
2197.51	
2197.52	
2197.52	
2197.53	
2197.55	
2197.56	
2197.56	
2197.58	
2197.59	
2197.59	
2197.6	
2197.62	
2197.63	
2197.63	
2197.65	
2197.66	
2197.66	
2197.67	
2197.69	
2197.7	
2197.7	
2197.72	
2197.73	
2197.73	
2197.74	
2197.76	
2197.77	
2197.77	
2197.79	
2197.8	
2197.8	
2197.81	
2197.83	
2197.84	
2197.84	
2197.86	
2197.87	
2197.87	
2197.88	
2197.9	
2197.91	
2197.91	
2197.93	
2197.94	
2197.94	
2197.95	
2197.97	
2197.98	
2197.98	
2198	
2198.01	
2198.01	
2198.02	
2198.04	
2198.05	
2198.05	
2198.07	
2198.08	
2198.08	
2198.09	
2198.11	
2198.12	
2198.12	
2198.14	
2198.15	
2198.15	
2198.16	
2198.18	
2198.19	
2198.19	
2198.21	
2198.22	
2198.22	
2198.23	
2198.25	
2198.26	
2198.26	
2198.28	
2198.29	
2198.29	
2198.3	
2198.32	
2198.33	
2198.33	
2198.35	
2198.36	
2198.36	
2198.37	
2198.39	
2198.4	
2198.4	
2198.42	
2198.43	
2198.43	
2198.44	
2198.46	
2198.47	
2198.47	
2198.49	
2198.5	
2198.5	
2198.51	
2198.53	
2198.54	
2198.54	
2198.56	
2198.57	
2198.57	
2198.58	
2198.6	
2198.61	
2198.61	
2198.63	
2198.64	
2198.64	
2198.65	
2198.67	
2198.68	
2198.68	
2198.7	
2198.71	
2198.71	
2198.72	
2198.74	
2198.75	
2198.75	
2198.77	
2198.78	
2198.78	
2198.79	
2198.81	
2198.82	
2198.82	
2198.84	
2198.85	
2198.85	
2198.86	
2198.88	
2198.89	
2198.89	
2198.91	
2198.92	
2198.92	
2198.93	
2198.95	
2198.96	
2198.96	
2198.98	
2198.99	
2198.99	
2199	
2199.02	
2199.03	
2199.03	
2199.05	
2199.06	
2199.06	
2199.07	
2199.09	
2199.1	
2199.1	
2199.12	
2199.13	
2199.13	
2199.14	
2199.16	
2199.17	
2199.17	
2199.19	
2199.2	
2199.2	
2199.21	
2199.23	
2199.24	
2199.24	
2199.26	
2199.27	
2199.27	
2199.28	
2199.3	
2199.31	
2199.31	
2199.33	
2199.34	
2199.34	
2199.35	
2199.37	
2199.38	
2199.38	
2199.4	
2199.41	
2199.41	
2199.42	
2199.44	
2199.45	
2199.45	
2199.47	
2199.48	
2199.48	
2199.49	
2199.51	
2199.52	
2199.52	
2199.54	
2199.55	
2199.55	
2199.56	
2199.58	
2199.59	
2199.59	
2199.61	
2199.62	
2199.62	
2199.63	
2199.65	
2199.66	
2199.66	
2199.68	
2199.69	
2199.69	
2199.7	
2199.72	
2199.73	
2199.73	
2199.75	
2199.76	
2199.76	
2199.77	
2199.79	
2199.8	
2199.8	
2199.82	
2199.83	
2199.83	
2199.84	
2199.86	
2199.87	
2199.87	
2199.89	
2199.9	
2199.9	
2199.91	
2199.93	
2199.94	
2199.94	
2199.96	
2199.97	
2199.97	
2199.98	
2200	
2200.01	
2200.01	
2200.03	
2200.04	
2200.04	
2200.05	
2200.07	
2200.08	
2200.08	
2200.1	
2200.11	
2200.11	
2200.12	
2200.14	
2200.15	
2200.15	
2200.17	
2200.18	
2200.18	
2200.19	
2200.21	
2200.22	
2200.22	
2200.24	
2200.25	
2200.25	
2200.26	
2200.28	
2200.29	
2200.29	
2200.31	
2200.32	
2200.32	
2200.33	
2200.35	
2200.36	
2200.36	
2200.38	
2200.39	
2200.39	
2200.4	
2200.42	
2200.43	
2200.43	
2200.45	
2200.46	
2200.46	
2200.47	
2200.49	
2200.5	
2200.5	
2200.52	
2200.53	
2200.53	
2200.54	
2200.56	
2200.57	
2200.57	
2200.59	
2200.6	
2200.6	
2200.61	
2200.63	
2200.64	
2200.64	
2200.66	
2200.67	
2200.67	
2200.68	
2200.7	
2200.71	
2200.71	
2200.73	
2200.74	
2200.74	
2200.75	
2200.77	
2200.78	
2200.78	
2200.8	
2200.81	
2200.81	
2200.82	
2200.84	
2200.85	
2200.85	
2200.87	
2200.88	
2200.88	
2200.89	
2200.91	
2200.92	
2200.92	
2200.94	
2200.95	
2200.95	
2200.96	
2200.98	
2200.99	
2200.99	
2201.01	
2201.02	
2201.02	
2201.03	
2201.05	
2201.06	
2201.06	
2201.08	
2201.09	
2201.09	
2201.1	
2201.12	
2201.13	
2201.13	
2201.15	
2201.16	
2201.16	
2201.17	
2201.19	
2201.2	
2201.2	
2201.22	
2201.23	
2201.23	
2201.24	
2201.26	
2201.27	
2201.27	
2201.29	
2201.3	
2201.3	
2201.31	
2201.33	
2201.34	
2201.34	
2201.36	
2201.37	
2201.37	
2201.38	
2201.4	
2201.41	
2201.41	
2201.43	
2201.44	
2201.44	
2201.45	
2201.47	
2201.48	
2201.48	
2201.5	
2201.51	
2201.51	
2201.52	
2201.54	
2201.55	
2201.55	
2201.57	
2201.58	
2201.58	
2201.59	
2201.61	
2201.62	
2201.62	
2201.64	
2201.65	
2201.65	
2201.66	
2201.68	
2201.69	
2201.69	
2201.71	
2201.72	
2201.72	
2201.73	
2201.75	
2201.76	
2201.76	
2201.78	
2201.79	
2201.79	
2201.8	
2201.82	
2201.83	
2201.83	
2201.85	
2201.86	
2201.86	
2201.87	
2201.89	
2201.9	
2201.9	
2201.92	
2201.93	
2201.93	
2201.94	
2201.96	
2201.97	
2201.97	
2201.99	
2202	
2202	
2202.01	
2202.03	
2202.04	
2202.04	
2202.06	
2202.07	
2202.07	
2202.08	
2202.1	
2202.11	
2202.11	
2202.13	
2202.14	
2202.14	
2202.15	
2202.17	
2202.18	
2202.18	
2202.2	
2202.21	
2202.21	
2202.22	
2202.24	
2202.25	
2202.25	
2202.27	
2202.28	
2202.28	
2202.29	
2202.31	
2202.32	
2202.32	
2202.34	
2202.35	
2202.35	
2202.36	
2202.38	
2202.39	
2202.39	
2202.41	
2202.42	
2202.42	
2202.43	
2202.45	
2202.46	
2202.46	
2202.48	
2202.49	
2202.49	
2202.5	
2202.52	
2202.53	
2202.53	
2202.55	
2202.56	
2202.56	
2202.57	
2202.59	
2202.6	
2202.6	
2202.62	
2202.63	
2202.63	
2202.64	
2202.66	
2202.67	
2202.67	
2202.69	
2202.7	
2202.7	
2202.71	
2202.73	
2202.74	
2202.74	
2202.76	
2202.77	
2202.77	
2202.78	
2202.8	
2202.81	
2202.81	
2202.83	
2202.84	
2202.84	
2202.85	
2202.87	
2202.88	
2202.88	
2202.9	
2202.91	
2202.92	
2202.92	
2202.94	
2202.95	
2202.95	
2202.97	
2202.98	
2202.98	
2202.99	
2203.01	
2203.02	
2203.02	
2203.04	
2203.05	
2203.05	
2203.06	
2203.08	
2203.09	
2203.09	
2203.11	
2203.12	
2203.12	
2203.13	
2203.15	
2203.16	
2203.16	
2203.18	
2203.19	
2203.19	
2203.2	
2203.22	
2203.23	
2203.23	
2203.25	
2203.26	
2203.26	
2203.27	
2203.29	
2203.3	
2203.3	
2203.32	
2203.33	
2203.33	
2203.34	
2203.36	
2203.37	
2203.37	
2203.39	
