time	
5851.12	
5851.13	
5851.13	
5851.15	
5851.16	
5851.16	
5851.18	
5851.19	
5851.2	
5851.2	
5851.22	
5851.23	
5851.23	
5851.25	
5851.26	
5851.27	
5851.27	
5851.29	
5851.3	
5851.3	
5851.32	
5851.33	
5851.34	
5851.34	
5851.36	
5851.37	
5851.37	
5851.39	
5851.4	
5851.41	
5851.41	
5851.43	
5851.44	
5851.44	
5851.46	
5851.47	
5851.48	
5851.48	
5851.5	
5851.51	
5851.51	
5851.53	
5851.54	
5851.55	
5851.55	
5851.57	
5851.58	
5851.6	
5851.6	
5851.61	
5851.62	
5851.62	
5851.64	
5851.65	
5851.65	
5851.67	
5851.68	
5851.69	
5851.69	
5851.71	
5851.72	
5851.72	
5851.74	
5851.75	
5851.76	
5851.76	
5851.78	
5851.79	
5851.79	
5851.81	
5851.82	
5851.83	
5851.83	
5851.85	
5851.86	
5851.86	
5851.88	
5851.89	
5851.9	
5851.9	
5851.92	
5851.93	
5851.93	
5851.95	
5851.96	
5851.97	
5851.97	
5851.99	
5852	
5852	
5852.02	
5852.03	
5852.04	
5852.04	
5852.06	
5852.07	
5852.07	
5852.08	
5852.1	
5852.11	
5852.13	
5852.13	
5852.14	
5852.14	
5852.16	
5852.17	
5852.18	
5852.18	
5852.2	
5852.21	
5852.21	
5852.23	
5852.24	
5852.25	
5852.25	
5852.27	
5852.28	
5852.28	
5852.3	
5852.31	
5852.32	
5852.32	
5852.34	
5852.35	
5852.35	
5852.37	
5852.38	
5852.39	
5852.39	
5852.41	
5852.42	
5852.42	
5852.44	
5852.45	
5852.46	
5852.46	
5852.46	
5852.49	
5852.49	
5852.51	
5852.52	
5852.53	
5852.53	
5852.55	
5852.56	
5852.56	
5852.58	
5852.59	
5852.6	
5852.6	
5852.62	
5852.62	
5852.63	
5852.65	
5852.66	
5852.67	
5852.67	
5852.69	
5852.7	
5852.7	
5852.72	
5852.73	
5852.74	
5852.74	
5852.76	
5852.77	
5852.77	
5852.79	
5852.8	
5852.81	
5852.83	
5852.83	
5852.84	
5852.84	
5852.86	
5852.87	
5852.87	
5852.87	
5852.9	
5852.91	
5852.91	
5852.93	
5852.94	
5852.95	
5852.95	
5852.97	
5852.98	
5852.98	
5853	
5853.01	
5853.02	
5853.02	
5853.04	
5853.05	
5853.05	
5853.07	
5853.08	
5853.09	
5853.09	
5853.11	
5853.12	
5853.12	
5853.14	
5853.15	
5853.16	
5853.16	
5853.18	
5853.19	
5853.19	
5853.21	
5853.22	
5853.23	
5853.23	
5853.25	
5853.26	
5853.26	
5853.28	
5853.29	
5853.3	
5853.3	
5853.32	
5853.33	
5853.33	
5853.35	
5853.36	
5853.37	
5853.37	
5853.39	
5853.4	
5853.4	
5853.42	
5853.43	
5853.44	
5853.44	
5853.46	
5853.47	
5853.47	
5853.49	
5853.5	
5853.51	
5853.51	
5853.53	
5853.54	
5853.54	
5853.56	
5853.57	
5853.58	
5853.58	
5853.6	
5853.61	
5853.61	
5853.62	
5853.64	
5853.65	
5853.65	
5853.67	
5853.68	
5853.68	
5853.7	
5853.71	
5853.72	
5853.72	
5853.74	
5853.75	
5853.75	
5853.77	
5853.78	
5853.79	
5853.79	
5853.81	
5853.82	
5853.82	
5853.83	
5853.85	
5853.86	
5853.86	
5853.88	
5853.89	
5853.89	
5853.91	
5853.92	
5853.93	
5853.93	
5853.95	
5853.96	
5853.96	
5853.98	
5853.99	
5854	
5854	
5854.02	
5854.03	
5854.03	
5854.05	
5854.06	
5854.07	
5854.07	
5854.09	
5854.1	
5854.1	
5854.12	
5854.13	
5854.14	
5854.14	
5854.16	
5854.17	
5854.17	
5854.19	
5854.2	
5854.21	
5854.21	
5854.23	
5854.24	
5854.24	
5854.26	
5854.27	
5854.28	
5854.28	
5854.3	
5854.31	
5854.31	
5854.33	
5854.34	
5854.35	
5854.35	
5854.37	
5854.38	
5854.38	
5854.4	
5854.41	
5854.42	
5854.42	
5854.44	
5854.45	
5854.45	
5854.47	
5854.48	
5854.49	
5854.49	
5854.51	
5854.52	
5854.52	
5854.54	
5854.55	
5854.56	
5854.56	
5854.58	
5854.59	
5854.59	
5854.6	
5854.62	
5854.63	
5854.63	
5854.65	
5854.66	
5854.66	
5854.68	
5854.69	
5854.7	
5854.7	
5854.72	
5854.73	
5854.73	
5854.75	
5854.76	
5854.77	
5854.77	
5854.79	
5854.8	
5854.8	
5854.82	
5854.83	
5854.83	
5854.85	
5854.86	
5854.87	
5854.87	
5854.89	
5854.9	
5854.91	
5854.91	
5854.93	
5854.94	
5854.94	
5854.96	
5854.97	
5854.98	
5854.98	
5855	
5855	
5855.01	
5855.03	
5855.04	
5855.05	
5855.05	
5855.07	
5855.08	
5855.08	
5855.1	
5855.11	
5855.12	
5855.12	
5855.14	
5855.15	
5855.15	
5855.17	
5855.18	
5855.19	
5855.19	
5855.21	
5855.22	
5855.22	
5855.24	
5855.25	
5855.26	
5855.26	
5855.28	
5855.29	
5855.29	
5855.31	
5855.32	
5855.33	
5855.33	
5855.35	
5855.36	
5855.36	
5855.38	
5855.39	
5855.4	
5855.4	
5855.42	
5855.43	
5855.43	
5855.45	
5855.46	
5855.47	
5855.47	
5855.49	
5855.5	
5855.5	
5855.52	
5855.53	
5855.54	
5855.54	
5855.56	
5855.57	
5855.57	
5855.58	
5855.6	
5855.61	
5855.61	
5855.63	
5855.64	
5855.64	
5855.66	
5855.67	
5855.68	
5855.68	
5855.7	
5855.71	
5855.71	
5855.73	
5855.74	
5855.75	
5855.75	
5855.77	
5855.78	
5855.78	
5855.8	
5855.81	
5855.82	
5855.82	
5855.84	
5855.85	
5855.85	
5855.87	
5855.88	
5855.89	
5855.89	
5855.91	
5855.92	
5855.92	
5855.94	
5855.95	
5855.96	
5855.96	
5855.98	
5855.99	
5855.99	
5856.01	
5856.02	
5856.03	
5856.03	
5856.05	
5856.06	
5856.06	
5856.08	
5856.09	
5856.09	
5856.1	
5856.12	
5856.13	
5856.13	
5856.15	
5856.16	
5856.17	
5856.17	
5856.19	
5856.2	
5856.2	
5856.22	
5856.23	
5856.24	
5856.24	
5856.26	
5856.27	
5856.27	
5856.29	
5856.3	
5856.31	
5856.31	
5856.33	
5856.34	
5856.34	
5856.35	
5856.37	
5856.38	
5856.38	
5856.4	
5856.41	
5856.41	
5856.43	
5856.44	
5856.45	
5856.45	
5856.47	
5856.48	
5856.48	
5856.5	
5856.51	
5856.52	
5856.52	
5856.54	
5856.55	
5856.55	
5856.57	
5856.58	
5856.59	
5856.59	
5856.61	
5856.62	
5856.62	
5856.64	
5856.65	
5856.66	
5856.66	
5856.68	
5856.69	
5856.71	
5856.71	
5856.72	
5856.73	
5856.73	
5856.75	
5856.76	
5856.76	
5856.78	
5856.79	
5856.8	
5856.8	
5856.82	
5856.83	
5856.83	
5856.85	
5856.86	
5856.87	
5856.87	
5856.89	
5856.9	
5856.9	
5856.92	
5856.93	
5856.94	
5856.94	
5856.96	
5856.97	
5856.97	
5856.99	
5857	
5857.01	
5857.01	
5857.03	
5857.04	
5857.04	
5857.06	
5857.07	
5857.08	
5857.08	
5857.1	
5857.11	
5857.11	
5857.12	
5857.14	
5857.15	
5857.15	
5857.17	
5857.18	
5857.18	
5857.2	
5857.21	
5857.23	
5857.23	
5857.24	
5857.25	
5857.25	
5857.27	
5857.28	
5857.29	
5857.29	
5857.31	
5857.32	
5857.32	
5857.33	
5857.35	
5857.36	
5857.36	
5857.38	
5857.39	
5857.39	
5857.41	
5857.42	
5857.43	
5857.43	
5857.45	
5857.46	
5857.46	
5857.48	
5857.49	
5857.5	
5857.5	
5857.52	
5857.53	
5857.53	
5857.55	
5857.56	
5857.57	
5857.57	
5857.59	
5857.6	
5857.6	
5857.62	
5857.63	
5857.64	
5857.64	
5857.66	
5857.67	
5857.67	
5857.69	
5857.7	
5857.71	
5857.71	
5857.73	
5857.74	
5857.74	
5857.76	
5857.77	
5857.78	
5857.78	
5857.8	
5857.81	
5857.81	
5857.83	
5857.84	
5857.85	
5857.85	
5857.87	
5857.88	
5857.88	
5857.9	
5857.91	
5857.92	
5857.92	
5857.94	
5857.95	
5857.95	
5857.97	
5857.98	
5857.99	
5857.99	
5858.01	
5858.02	
5858.02	
5858.04	
5858.05	
5858.06	
5858.06	
5858.08	
5858.09	
5858.09	
5858.11	
5858.12	
5858.13	
5858.13	
5858.15	
5858.16	
5858.16	
5858.18	
5858.19	
5858.2	
5858.2	
5858.22	
5858.23	
5858.23	
5858.25	
5858.26	
5858.26	
5858.27	
5858.29	
5858.3	
5858.3	
5858.32	
5858.33	
5858.34	
5858.34	
5858.36	
5858.37	
5858.37	
5858.39	
5858.4	
5858.41	
5858.41	
5858.43	
5858.44	
5858.44	
5858.46	
5858.47	
5858.48	
5858.48	
5858.5	
5858.51	
5858.51	
5858.53	
5858.54	
5858.55	
5858.55	
5858.57	
5858.58	
5858.58	
5858.6	
5858.61	
5858.62	
5858.62	
5858.64	
5858.65	
5858.65	
5858.67	
5858.68	
5858.69	
5858.69	
5858.71	
5858.72	
5858.72	
5858.74	
5858.75	
5858.76	
5858.76	
5858.78	
5858.79	
5858.79	
5858.81	
5858.82	
5858.83	
5858.83	
5858.85	
5858.86	
5858.86	
5858.88	
5858.89	
5858.9	
5858.9	
5858.92	
5858.93	
5858.93	
5858.95	
5858.96	
5858.97	
5858.97	
5858.99	
5859	
5859	
5859	
5859.03	
5859.04	
