time	
1902.04	
1902.06	
1902.06	
1902.07	
1902.09	
1902.09	
1902.1	
1902.11	
1902.13	
1902.13	
1902.14	
1902.16	
1902.16	
1902.17	
1902.18	
1902.2	
1902.2	
1902.21	
1902.23	
1902.23	
1902.24	
1902.25	
1902.27	
1902.27	
1902.28	
1902.3	
1902.3	
1902.31	
1902.32	
1902.34	
1902.34	
1902.35	
1902.37	
1902.37	
1902.38	
1902.39	
1902.41	
1902.41	
1902.42	
1902.44	
1902.44	
1902.45	
1902.46	
1902.48	
1902.48	
1902.49	
1902.51	
1902.51	
1902.52	
1902.53	
1902.55	
1902.55	
1902.56	
1902.58	
1902.58	
1902.59	
1902.6	
1902.62	
1902.62	
1902.63	
1902.65	
1902.65	
1902.66	
1902.67	
1902.69	
1902.69	
1902.7	
1902.72	
1902.72	
1902.73	
1902.74	
1902.76	
1902.76	
1902.77	
1902.79	
1902.79	
1902.8	
1902.81	
1902.83	
1902.83	
1902.84	
1902.86	
1902.86	
1902.87	
1902.88	
1902.9	
1902.9	
1902.91	
1902.93	
1902.93	
1902.94	
1902.95	
1902.97	
1902.97	
1902.98	
1903	
1903	
1903.01	
1903.02	
1903.04	
1903.04	
1903.05	
1903.07	
1903.07	
1903.08	
1903.09	
1903.11	
1903.11	
1903.12	
1903.14	
1903.14	
1903.15	
1903.16	
1903.18	
1903.18	
1903.19	
1903.21	
1903.21	
1903.22	
1903.23	
1903.25	
1903.25	
1903.26	
1903.28	
1903.28	
1903.29	
1903.3	
1903.32	
1903.32	
1903.33	
1903.35	
1903.35	
1903.36	
1903.37	
1903.39	
1903.39	
1903.4	
1903.42	
1903.42	
1903.43	
1903.44	
1903.46	
1903.46	
1903.47	
1903.49	
1903.49	
1903.5	
1903.51	
1903.53	
1903.53	
1903.54	
1903.56	
1903.56	
1903.57	
1903.58	
1903.6	
1903.6	
1903.61	
1903.63	
1903.63	
1903.64	
1903.65	
1903.67	
1903.67	
1903.68	
1903.7	
1903.7	
1903.71	
1903.72	
1903.74	
1903.74	
1903.75	
1903.77	
1903.77	
1903.78	
1903.79	
1903.81	
1903.81	
1903.82	
1903.84	
1903.84	
1903.85	
1903.86	
1903.88	
1903.88	
1903.89	
1903.91	
1903.91	
1903.92	
1903.93	
1903.95	
1903.95	
1903.96	
1903.98	
1903.98	
1903.99	
1904	
1904.02	
1904.02	
1904.03	
1904.05	
1904.05	
1904.06	
1904.07	
1904.09	
1904.09	
1904.1	
1904.12	
1904.12	
1904.13	
1904.14	
1904.16	
1904.16	
1904.17	
1904.19	
1904.19	
1904.2	
1904.21	
1904.23	
1904.23	
1904.24	
1904.26	
1904.26	
1904.27	
1904.28	
1904.3	
1904.3	
1904.31	
1904.33	
1904.33	
1904.34	
1904.35	
1904.37	
1904.37	
1904.38	
1904.4	
1904.4	
1904.41	
1904.42	
1904.44	
1904.44	
1904.45	
1904.47	
1904.47	
1904.48	
1904.49	
1904.51	
1904.51	
1904.52	
1904.54	
1904.54	
1904.55	
1904.56	
1904.58	
1904.58	
1904.59	
1904.61	
1904.61	
1904.62	
1904.63	
1904.65	
1904.65	
1904.66	
1904.68	
1904.68	
1904.69	
1904.7	
1904.72	
1904.72	
1904.73	
1904.75	
1904.75	
1904.76	
1904.77	
1904.79	
1904.79	
1904.8	
1904.82	
1904.82	
1904.83	
1904.84	
1904.86	
1904.86	
1904.87	
1904.89	
1904.89	
1904.9	
1904.91	
1904.93	
1904.93	
1904.94	
1904.96	
1904.96	
1904.97	
1904.98	
1905	
1905	
1905.01	
1905.03	
1905.03	
1905.04	
1905.05	
1905.07	
1905.07	
1905.08	
1905.1	
1905.1	
1905.11	
1905.12	
1905.14	
1905.14	
1905.15	
1905.17	
1905.17	
1905.18	
1905.19	
1905.21	
1905.21	
1905.22	
1905.24	
1905.24	
1905.25	
1905.26	
1905.28	
1905.28	
1905.29	
1905.31	
1905.31	
1905.32	
1905.33	
1905.35	
1905.35	
1905.36	
1905.38	
1905.38	
1905.39	
1905.4	
1905.4	
1905.43	
1905.43	
1905.45	
1905.45	
1905.46	
1905.47	
1905.49	
1905.49	
1905.5	
1905.52	
1905.52	
1905.52	
1905.54	
1905.56	
1905.56	
1905.57	
1905.59	
1905.59	
1905.6	
1905.61	
1905.63	
1905.63	
1905.64	
1905.66	
1905.66	
1905.67	
1905.68	
1905.7	
1905.7	
1905.71	
1905.73	
1905.73	
1905.74	
1905.75	
1905.77	
1905.77	
1905.78	
1905.8	
1905.8	
1905.81	
1905.82	
1905.82	
1905.84	
1905.85	
1905.85	
1905.87	
1905.88	
1905.9	
1905.91	
1905.91	
1905.92	
1905.94	
1905.94	
1905.95	
1905.96	
1905.98	
1905.98	
1905.99	
1906.01	
1906.01	
1906.02	
1906.03	
1906.05	
1906.05	
1906.06	
1906.08	
1906.08	
1906.09	
1906.1	
1906.12	
1906.12	
1906.13	
1906.15	
1906.15	
1906.16	
1906.17	
1906.19	
1906.19	
1906.2	
1906.22	
1906.22	
1906.23	
1906.24	
1906.26	
1906.26	
1906.27	
1906.29	
1906.29	
1906.3	
1906.31	
1906.33	
1906.33	
1906.34	
1906.36	
1906.36	
1906.37	
1906.38	
1906.4	
1906.4	
1906.41	
1906.43	
1906.43	
1906.44	
1906.45	
1906.47	
1906.47	
1906.48	
1906.5	
1906.5	
1906.51	
1906.52	
1906.54	
1906.54	
1906.55	
1906.57	
1906.57	
1906.58	
1906.59	
1906.61	
1906.61	
1906.62	
1906.64	
1906.64	
1906.65	
1906.66	
1906.68	
1906.68	
1906.69	
1906.71	
1906.71	
1906.72	
1906.73	
1906.75	
1906.75	
1906.76	
1906.78	
1906.78	
1906.79	
1906.8	
1906.82	
1906.82	
1906.83	
1906.85	
1906.85	
1906.86	
1906.87	
1906.89	
1906.89	
1906.9	
1906.92	
1906.92	
1906.93	
1906.94	
1906.96	
1906.96	
1906.97	
1906.99	
1906.99	
1907	
1907.01	
1907.03	
1907.03	
1907.04	
1907.06	
1907.06	
1907.07	
1907.08	
1907.1	
1907.1	
1907.11	
1907.13	
1907.13	
1907.14	
1907.15	
1907.17	
1907.17	
1907.18	
1907.2	
1907.2	
1907.21	
1907.22	
1907.24	
1907.24	
1907.25	
1907.27	
1907.27	
1907.28	
1907.3	
1907.31	
1907.31	
1907.32	
1907.34	
1907.34	
1907.35	
1907.36	
1907.38	
1907.38	
1907.39	
1907.41	
1907.41	
1907.42	
1907.43	
1907.45	
1907.45	
1907.46	
1907.48	
1907.48	
1907.49	
1907.5	
1907.52	
1907.52	
1907.53	
1907.55	
1907.55	
1907.56	
1907.57	
1907.59	
1907.59	
1907.6	
1907.62	
1907.62	
1907.63	
1907.64	
1907.66	
1907.66	
1907.67	
1907.69	
1907.69	
1907.7	
1907.71	
1907.73	
1907.73	
1907.74	
1907.76	
1907.76	
1907.77	
1907.78	
1907.8	
1907.8	
1907.81	
1907.83	
1907.83	
1907.84	
1907.85	
1907.87	
1907.87	
1907.88	
1907.9	
1907.9	
1907.91	
1907.92	
1907.94	
1907.94	
1907.95	
1907.97	
1907.97	
1907.98	
1907.99	
1908.01	
1908.01	
1908.02	
1908.04	
1908.04	
1908.05	
1908.06	
1908.08	
1908.08	
1908.09	
1908.11	
1908.11	
1908.12	
1908.13	
1908.15	
1908.15	
1908.16	
1908.18	
1908.18	
1908.19	
1908.2	
1908.22	
1908.22	
1908.23	
1908.25	
1908.25	
1908.26	
1908.27	
1908.29	
1908.29	
1908.3	
1908.32	
1908.32	
1908.33	
1908.34	
1908.36	
1908.36	
1908.37	
1908.39	
1908.39	
1908.4	
1908.41	
1908.43	
1908.43	
1908.44	
1908.46	
1908.46	
1908.47	
1908.48	
1908.5	
1908.5	
1908.51	
1908.53	
1908.53	
1908.54	
1908.55	
1908.57	
1908.57	
1908.58	
1908.6	
1908.6	
1908.61	
1908.62	
1908.64	
1908.64	
1908.65	
1908.67	
1908.67	
1908.68	
1908.69	
1908.71	
1908.71	
1908.72	
1908.74	
1908.74	
1908.75	
1908.76	
1908.78	
1908.78	
1908.79	
1908.81	
1908.81	
1908.82	
1908.83	
1908.85	
1908.85	
1908.86	
1908.88	
1908.88	
1908.89	
1908.9	
1908.92	
1908.92	
1908.93	
1908.95	
1908.95	
1908.96	
1908.98	
1908.99	
1908.99	
1909	
1909.02	
1909.02	
1909.03	
1909.04	
1909.06	
1909.06	
1909.07	
1909.09	
1909.09	
1909.1	
1909.11	
1909.13	
1909.13	
1909.14	
1909.16	
1909.16	
1909.17	
1909.18	
1909.2	
1909.2	
1909.21	
1909.23	
1909.23	
1909.24	
1909.25	
1909.27	
1909.27	
1909.28	
1909.3	
1909.3	
1909.31	
1909.32	
1909.34	
1909.34	
1909.35	
1909.37	
1909.37	
1909.38	
1909.39	
1909.41	
1909.41	
1909.42	
1909.44	
1909.44	
1909.45	
1909.46	
1909.48	
1909.48	
1909.49	
1909.51	
1909.51	
1909.52	
1909.53	
1909.55	
1909.55	
1909.56	
1909.58	
1909.58	
1909.59	
1909.6	
1909.62	
1909.62	
1909.63	
1909.65	
1909.65	
1909.66	
1909.67	
1909.69	
1909.69	
1909.7	
1909.72	
1909.72	
1909.73	
1909.74	
1909.76	
1909.76	
1909.77	
1909.79	
1909.79	
1909.8	
1909.81	
1909.83	
1909.83	
1909.84	
