time	
2455.19	
2455.2	
2455.2	
2455.22	
2455.23	
2455.25	
2455.25	
2455.26	
2455.27	
2455.27	
2455.29	
2455.3	
2455.32	
2455.32	
2455.33	
2455.34	
2455.34	
2455.36	
2455.37	
2455.39	
2455.39	
2455.4	
2455.41	
2455.41	
2455.43	
2455.44	
2455.46	
2455.46	
2455.47	
2455.48	
2455.48	
2455.5	
2455.51	
2455.53	
2455.53	
2455.54	
2455.55	
2455.55	
2455.57	
2455.58	
2455.6	
2455.6	
2455.61	
2455.62	
2455.62	
2455.64	
2455.65	
2455.67	
2455.67	
2455.68	
2455.69	
2455.69	
2455.71	
2455.72	
2455.74	
2455.74	
2455.75	
2455.76	
2455.76	
2455.78	
2455.79	
2455.81	
2455.81	
2455.82	
2455.83	
2455.83	
2455.85	
2455.86	
2455.88	
2455.88	
2455.89	
2455.9	
2455.9	
2455.92	
2455.93	
2455.95	
2455.95	
2455.96	
2455.97	
2455.97	
2455.99	
2456	
2456.02	
2456.02	
2456.03	
2456.04	
2456.04	
2456.06	
2456.07	
2456.09	
2456.09	
2456.1	
2456.11	
2456.11	
2456.13	
2456.14	
2456.16	
2456.16	
2456.17	
2456.18	
2456.18	
2456.2	
2456.21	
2456.21	
2456.23	
2456.24	
2456.25	
2456.25	
2456.27	
2456.28	
2456.3	
2456.3	
2456.31	
2456.32	
2456.32	
2456.34	
2456.35	
2456.37	
2456.37	
2456.38	
2456.39	
2456.39	
2456.41	
2456.42	
2456.44	
2456.44	
2456.44	
2456.46	
2456.46	
2456.48	
2456.49	
2456.51	
2456.51	
2456.52	
2456.53	
2456.53	
2456.55	
2456.56	
2456.58	
2456.58	
2456.59	
2456.6	
2456.6	
2456.62	
2456.63	
2456.65	
2456.65	
2456.66	
2456.67	
2456.67	
2456.69	
2456.7	
2456.72	
2456.72	
2456.73	
2456.74	
2456.74	
2456.76	
2456.77	
2456.79	
2456.79	
2456.8	
2456.81	
2456.81	
2456.83	
2456.84	
2456.86	
2456.86	
2456.87	
2456.88	
2456.88	
2456.9	
2456.91	
2456.93	
2456.93	
2456.94	
2456.95	
2456.95	
2456.97	
2456.98	
2457	
2457	
2457.01	
2457.02	
2457.02	
2457.04	
2457.05	
2457.07	
2457.07	
2457.08	
2457.09	
2457.09	
2457.11	
2457.12	
2457.14	
2457.14	
2457.15	
2457.16	
2457.16	
2457.18	
2457.19	
2457.21	
2457.21	
2457.22	
2457.23	
2457.23	
2457.25	
2457.26	
2457.28	
2457.28	
2457.29	
2457.3	
2457.3	
2457.32	
2457.33	
2457.35	
2457.35	
2457.36	
2457.37	
2457.37	
2457.39	
2457.4	
2457.42	
2457.42	
2457.43	
2457.44	
2457.44	
2457.46	
2457.47	
2457.49	
2457.49	
2457.5	
2457.51	
2457.51	
2457.53	
2457.54	
2457.56	
2457.56	
2457.57	
2457.58	
2457.58	
2457.6	
2457.61	
2457.63	
2457.63	
2457.64	
2457.65	
2457.65	
2457.67	
2457.68	
2457.7	
2457.7	
2457.71	
2457.72	
2457.72	
2457.74	
2457.75	
2457.77	
2457.77	
2457.78	
2457.79	
2457.79	
2457.81	
2457.82	
2457.84	
2457.84	
2457.85	
2457.86	
2457.86	
2457.88	
2457.89	
2457.91	
2457.91	
2457.92	
2457.93	
2457.93	
2457.95	
2457.96	
2457.98	
2457.98	
2457.99	
2458	
2458	
2458.02	
2458.03	
2458.05	
2458.05	
2458.06	
2458.07	
2458.07	
2458.09	
2458.1	
2458.12	
2458.12	
2458.13	
2458.14	
2458.14	
2458.16	
2458.17	
2458.19	
2458.19	
2458.2	
2458.21	
2458.21	
2458.23	
2458.24	
2458.26	
2458.26	
2458.27	
2458.28	
2458.28	
2458.3	
2458.31	
2458.33	
2458.33	
2458.34	
2458.35	
2458.35	
2458.37	
2458.38	
2458.4	
2458.4	
2458.41	
2458.42	
2458.42	
2458.44	
2458.45	
2458.47	
2458.47	
2458.48	
2458.49	
2458.49	
2458.51	
2458.52	
2458.54	
2458.54	
2458.55	
2458.56	
2458.56	
2458.58	
2458.59	
2458.61	
2458.61	
2458.62	
2458.63	
2458.63	
2458.65	
2458.66	
2458.68	
2458.68	
2458.69	
2458.7	
2458.7	
2458.72	
2458.73	
2458.75	
2458.75	
2458.76	
2458.77	
2458.77	
2458.79	
2458.8	
2458.82	
2458.82	
2458.83	
2458.84	
2458.84	
2458.86	
2458.87	
2458.89	
2458.89	
2458.9	
2458.91	
2458.91	
2458.93	
2458.94	
2458.96	
2458.96	
2458.97	
2458.98	
2458.98	
2459	
2459.01	
2459.03	
2459.03	
2459.04	
2459.05	
2459.05	
2459.07	
2459.08	
2459.1	
2459.1	
2459.11	
2459.12	
2459.12	
2459.14	
2459.15	
2459.17	
2459.17	
2459.18	
2459.19	
2459.19	
2459.21	
2459.22	
2459.24	
2459.24	
2459.25	
2459.26	
2459.26	
2459.28	
2459.29	
2459.31	
2459.31	
2459.32	
2459.33	
2459.33	
2459.35	
2459.36	
2459.38	
2459.38	
2459.39	
2459.4	
2459.4	
2459.42	
2459.43	
2459.45	
2459.45	
2459.46	
2459.47	
2459.47	
2459.49	
2459.5	
2459.52	
2459.52	
2459.53	
2459.54	
2459.54	
2459.56	
2459.57	
2459.59	
2459.59	
2459.6	
2459.61	
2459.61	
2459.63	
2459.64	
2459.66	
2459.66	
2459.67	
2459.68	
2459.68	
2459.7	
2459.71	
2459.73	
2459.73	
2459.74	
2459.75	
2459.75	
2459.77	
2459.78	
2459.8	
2459.8	
2459.81	
2459.82	
2459.82	
2459.84	
2459.85	
2459.87	
2459.87	
2459.88	
2459.89	
2459.89	
2459.91	
2459.92	
2459.94	
2459.94	
2459.95	
2459.96	
2459.96	
2459.98	
2459.99	
2460.01	
2460.01	
2460.02	
2460.03	
2460.03	
2460.05	
2460.06	
2460.08	
2460.08	
2460.09	
2460.1	
2460.1	
2460.12	
2460.13	
2460.15	
2460.15	
2460.16	
2460.17	
2460.17	
2460.19	
2460.2	
2460.22	
2460.22	
2460.23	
2460.24	
2460.24	
2460.26	
2460.27	
2460.29	
2460.29	
2460.3	
2460.31	
2460.31	
2460.33	
2460.34	
2460.36	
2460.36	
2460.37	
2460.38	
2460.38	
2460.4	
2460.41	
2460.43	
2460.43	
2460.44	
2460.45	
2460.45	
2460.47	
2460.48	
2460.5	
2460.5	
2460.51	
2460.52	
2460.52	
2460.54	
2460.55	
2460.57	
2460.57	
2460.58	
2460.59	
2460.59	
2460.61	
2460.62	
2460.64	
2460.64	
2460.65	
2460.66	
2460.66	
2460.68	
2460.69	
2460.71	
2460.71	
2460.72	
2460.73	
2460.73	
2460.75	
2460.76	
2460.78	
2460.78	
2460.79	
2460.8	
2460.8	
2460.82	
2460.83	
2460.85	
2460.85	
2460.86	
2460.87	
2460.87	
2460.89	
2460.9	
2460.92	
2460.92	
2460.93	
2460.94	
2460.94	
2460.96	
2460.97	
2460.99	
2460.99	
2461	
2461.01	
2461.01	
2461.03	
2461.04	
2461.06	
2461.06	
2461.07	
2461.08	
2461.08	
2461.1	
2461.11	
2461.13	
2461.13	
2461.14	
2461.15	
2461.15	
2461.17	
2461.18	
2461.2	
2461.2	
2461.21	
2461.22	
2461.22	
2461.24	
2461.25	
2461.27	
2461.27	
2461.28	
2461.29	
2461.29	
2461.31	
2461.32	
2461.34	
2461.34	
2461.35	
2461.36	
2461.36	
2461.38	
2461.39	
2461.41	
2461.41	
2461.42	
2461.43	
2461.43	
2461.45	
2461.46	
2461.48	
2461.48	
2461.49	
2461.5	
2461.5	
2461.52	
2461.53	
2461.55	
2461.55	
2461.56	
2461.57	
2461.57	
2461.59	
2461.6	
2461.62	
2461.62	
2461.63	
2461.64	
2461.64	
2461.66	
2461.67	
2461.69	
2461.69	
2461.7	
2461.71	
2461.71	
2461.73	
2461.74	
2461.76	
2461.76	
2461.77	
2461.78	
2461.78	
2461.8	
2461.81	
2461.83	
2461.83	
2461.84	
2461.85	
2461.85	
2461.87	
2461.88	
2461.9	
2461.9	
2461.91	
2461.92	
2461.92	
2461.94	
2461.95	
2461.97	
2461.97	
2461.98	
2461.99	
2461.99	
2462.01	
2462.02	
2462.04	
2462.04	
2462.05	
2462.06	
2462.06	
2462.08	
2462.09	
2462.11	
2462.11	
2462.12	
2462.13	
2462.13	
2462.15	
2462.16	
2462.18	
2462.18	
2462.19	
2462.2	
2462.2	
2462.22	
2462.23	
2462.25	
2462.25	
2462.26	
2462.27	
2462.27	
2462.29	
2462.3	
2462.32	
2462.32	
2462.33	
2462.34	
2462.34	
2462.36	
2462.37	
2462.39	
2462.39	
2462.4	
2462.41	
2462.41	
2462.43	
2462.44	
2462.46	
2462.46	
2462.47	
2462.48	
2462.48	
2462.5	
2462.51	
2462.53	
2462.53	
2462.54	
2462.55	
2462.55	
2462.57	
2462.58	
2462.6	
2462.6	
2462.61	
2462.62	
2462.62	
2462.64	
2462.65	
2462.67	
2462.67	
2462.68	
2462.69	
2462.69	
2462.71	
2462.72	
2462.74	
2462.74	
2462.75	
2462.76	
2462.76	
2462.78	
2462.79	
2462.81	
2462.81	
2462.82	
2462.83	
2462.83	
2462.85	
2462.86	
2462.88	
2462.88	
2462.89	
