time	
739.401	
739.415	
739.415	
739.429	
739.443	
739.443	
739.457	
739.471	
739.485	
739.485	
739.499	
739.513	
739.513	
739.527	
739.541	
739.555	
739.555	
739.569	
739.583	
739.583	
739.597	
739.611	
739.625	
739.625	
739.639	
739.653	
739.653	
739.667	
739.681	
739.695	
739.695	
739.709	
739.723	
739.723	
739.737	
739.751	
739.765	
739.765	
739.779	
739.793	
739.793	
739.807	
739.821	
739.835	
739.835	
739.849	
739.863	
739.863	
739.877	
739.891	
739.905	
739.905	
739.919	
739.933	
739.933	
739.947	
739.961	
739.975	
739.975	
739.989	
740.003	
740.003	
740.017	
740.031	
740.045	
740.045	
740.059	
740.073	
740.073	
740.087	
740.101	
740.115	
740.115	
740.129	
740.143	
740.143	
740.157	
740.171	
740.185	
740.185	
740.199	
740.213	
740.213	
740.227	
740.241	
740.255	
740.255	
740.269	
740.283	
740.283	
740.297	
740.311	
740.325	
740.325	
740.339	
740.353	
740.353	
740.367	
740.381	
740.395	
740.395	
740.41	
740.41	
740.43	
740.437	
740.451	
740.465	
740.465	
740.479	
740.493	
740.493	
740.507	
740.521	
740.535	
740.535	
740.554	
740.563	
740.563	
740.577	
740.591	
740.605	
740.605	
740.619	
740.633	
740.633	
740.647	
740.661	
740.675	
740.675	
740.689	
740.703	
740.703	
740.717	
740.731	
740.745	
740.745	
740.759	
740.773	
740.773	
740.789	
740.801	
740.815	
740.815	
740.829	
740.846	
740.846	
740.857	
740.874	
740.885	
740.885	
740.899	
740.913	
740.913	
740.927	
740.941	
740.941	
740.961	
740.97	
740.983	
740.983	
740.997	
741.011	
741.025	
741.025	
741.039	
741.053	
741.053	
741.067	
741.081	
741.095	
741.095	
741.11	
741.123	
741.123	
741.137	
741.151	
741.165	
741.165	
741.179	
741.193	
741.193	
741.21	
741.221	
741.235	
741.235	
741.253	
741.263	
741.263	
741.277	
741.291	
741.305	
741.305	
741.319	
741.333	
741.333	
741.347	
741.361	
741.375	
741.375	
741.389	
741.403	
741.403	
741.417	
741.431	
741.445	
741.445	
741.459	
741.473	
741.473	
741.487	
741.501	
741.515	
741.515	
741.529	
741.529	
741.552	
741.557	
741.571	
741.585	
741.585	
741.599	
741.613	
741.613	
741.627	
741.641	
741.655	
741.655	
741.669	
741.683	
741.683	
741.697	
741.711	
741.711	
741.726	
741.739	
741.739	
741.758	
741.767	
741.781	
741.795	
741.795	
741.809	
741.823	
741.823	
741.837	
741.851	
741.865	
741.865	
741.879	
741.893	
741.893	
741.907	
741.921	
741.935	
741.935	
741.949	
741.963	
741.963	
741.977	
741.991	
742.005	
742.005	
742.019	
742.033	
742.033	
742.047	
742.061	
742.075	
742.075	
742.091	
742.103	
742.103	
742.117	
742.117	
742.145	
742.145	
742.159	
742.173	
742.173	
742.187	
742.201	
742.215	
742.215	
742.229	
742.243	
742.243	
742.257	
742.271	
742.285	
742.285	
742.299	
742.313	
742.313	
742.327	
742.341	
742.355	
742.355	
742.369	
742.383	
742.383	
742.397	
742.411	
742.425	
742.425	
742.439	
742.453	
742.453	
742.467	
742.481	
742.495	
742.495	
742.509	
742.523	
742.523	
742.537	
742.551	
742.565	
742.565	
742.579	
742.593	
742.593	
742.607	
742.625	
742.635	
742.635	
742.65	
742.663	
742.663	
742.677	
742.691	
742.705	
742.705	
742.719	
742.733	
742.733	
742.752	
742.761	
742.775	
742.789	
742.789	
742.803	
742.803	
742.826	
742.831	
742.846	
742.846	
742.859	
742.873	
742.873	
742.887	
742.901	
742.915	
742.915	
742.929	
742.943	
742.943	
742.957	
742.973	
742.986	
742.986	
743.002	
743.013	
743.013	
743.027	
743.041	
743.041	
743.066	
743.069	
743.083	
743.083	
743.097	
743.111	
743.125	
743.125	
743.139	
743.153	
743.153	
743.167	
743.181	
743.195	
743.195	
743.209	
743.223	
743.223	
743.237	
743.251	
743.265	
743.265	
743.279	
743.293	
743.307	
743.307	
743.321	
743.335	
743.335	
743.349	
743.363	
743.363	
743.377	
743.391	
743.405	
743.405	
743.419	
743.433	
743.433	
743.447	
743.461	
743.475	
743.475	
743.489	
743.503	
743.503	
743.517	
743.531	
743.545	
743.545	
743.559	
743.573	
743.573	
743.587	
743.601	
743.615	
743.615	
743.629	
743.643	
743.643	
743.657	
743.671	
743.685	
743.685	
743.699	
743.713	
743.713	
743.727	
743.741	
743.755	
743.755	
743.769	
743.783	
743.783	
743.797	
743.811	
743.825	
743.825	
743.839	
743.853	
743.853	
743.867	
743.881	
743.895	
743.895	
743.909	
743.923	
743.923	
743.937	
743.951	
743.965	
743.965	
743.979	
743.993	
744.007	
744.007	
744.021	
744.035	
744.035	
744.049	
744.063	
744.063	
744.077	
744.091	
744.091	
744.108	
744.119	
744.133	
744.133	
744.147	
744.161	
744.175	
744.175	
744.189	
744.203	
744.203	
744.217	
744.231	
744.245	
744.245	
744.259	
744.273	
744.273	
744.287	
744.301	
744.315	
744.315	
744.329	
744.343	
744.343	
744.357	
744.371	
744.385	
744.385	
744.399	
744.413	
744.413	
744.427	
744.441	
744.455	
744.455	
744.469	
744.483	
744.483	
744.497	
744.511	
744.525	
744.525	
744.539	
744.553	
744.553	
744.567	
744.581	
744.595	
744.595	
744.609	
744.623	
744.623	
744.637	
744.651	
744.665	
744.665	
744.679	
744.693	
744.693	
744.707	
744.721	
744.735	
744.735	
744.749	
744.763	
744.763	
744.777	
744.791	
744.805	
744.805	
744.819	
744.833	
744.833	
744.847	
744.861	
744.875	
744.875	
744.889	
744.903	
744.903	
744.917	
744.931	
744.945	
744.945	
744.959	
744.973	
744.973	
744.987	
745.001	
745.015	
745.015	
745.029	
745.043	
745.043	
745.057	
745.071	
745.085	
745.085	
745.099	
745.113	
745.113	
745.127	
745.141	
745.155	
745.155	
745.169	
745.183	
745.183	
745.197	
745.211	
745.225	
745.225	
745.239	
745.253	
745.253	
745.267	
745.281	
745.295	
745.295	
745.309	
745.323	
745.323	
745.337	
745.351	
745.365	
745.365	
745.379	
745.393	
745.393	
745.407	
745.421	
745.435	
745.435	
745.449	
745.463	
745.463	
745.477	
745.491	
745.505	
745.505	
745.519	
745.533	
745.533	
745.547	
745.561	
745.575	
745.575	
745.589	
745.603	
745.603	
745.617	
745.631	
745.645	
745.645	
745.659	
745.673	
745.673	
745.687	
745.701	
745.715	
745.715	
745.729	
745.743	
745.743	
745.757	
745.771	
745.785	
745.785	
745.799	
745.813	
745.813	
745.827	
745.841	
745.855	
745.855	
745.869	
745.883	
745.883	
745.897	
745.911	
745.925	
745.925	
745.939	
745.953	
745.953	
745.967	
745.981	
745.995	
745.995	
746.009	
746.023	
746.023	
746.037	
746.051	
746.065	
746.065	
746.079	
746.093	
746.093	
746.107	
746.121	
746.135	
746.135	
746.149	
746.163	
746.163	
746.177	
746.191	
746.205	
746.205	
746.219	
746.233	
746.233	
746.247	
746.261	
746.275	
746.275	
746.289	
746.303	
746.303	
746.317	
746.331	
746.345	
746.345	
746.359	
746.373	
746.373	
746.387	
746.401	
746.415	
746.415	
746.429	
746.443	
746.443	
746.457	
746.471	
746.485	
746.485	
746.499	
746.513	
746.513	
746.527	
746.541	
746.555	
746.555	
746.569	
746.583	
746.583	
746.597	
746.611	
746.625	
746.625	
746.639	
746.653	
746.653	
746.667	
746.681	
746.695	
746.695	
746.709	
746.723	
746.723	
746.737	
746.751	
746.765	
746.765	
746.779	
746.793	
746.793	
746.807	
746.821	
746.835	
746.835	
746.849	
746.863	
746.863	
746.877	
746.891	
746.905	
746.905	
746.919	
746.933	
746.933	
746.947	
746.961	
746.975	
746.975	
746.989	
747.004	
747.004	
747.017	
747.031	
747.045	
747.045	
747.06	
747.073	
747.073	
747.087	
747.101	
747.115	
747.115	
747.129	
747.143	
