time	
1613.98	
1613.98	
1613.99	
1614.01	
1614.02	
1614.02	
1614.04	
1614.05	
1614.05	
1614.06	
1614.08	
1614.09	
1614.09	
1614.11	
1614.12	
1614.12	
1614.13	
1614.15	
1614.16	
1614.16	
1614.18	
1614.19	
1614.19	
1614.2	
1614.22	
1614.23	
1614.23	
1614.25	
1614.26	
1614.26	
1614.27	
1614.29	
1614.3	
1614.3	
1614.32	
1614.33	
1614.33	
1614.34	
1614.36	
1614.37	
1614.37	
1614.39	
1614.4	
1614.4	
1614.41	
1614.43	
1614.44	
1614.44	
1614.46	
1614.47	
1614.47	
1614.48	
1614.5	
1614.51	
1614.51	
1614.53	
1614.54	
1614.54	
1614.55	
1614.57	
1614.58	
1614.58	
1614.6	
1614.61	
1614.61	
1614.62	
1614.64	
1614.65	
1614.65	
1614.67	
1614.68	
1614.68	
1614.69	
1614.71	
1614.72	
1614.72	
1614.74	
1614.75	
1614.75	
1614.76	
1614.78	
1614.79	
1614.79	
1614.81	
1614.82	
1614.82	
1614.83	
1614.85	
1614.86	
1614.86	
1614.88	
1614.89	
1614.89	
1614.9	
1614.92	
1614.93	
1614.93	
1614.95	
1614.96	
1614.96	
1614.97	
1614.99	
1615	
1615	
1615.02	
1615.03	
1615.03	
1615.04	
1615.06	
1615.07	
1615.07	
1615.09	
1615.1	
1615.1	
1615.11	
1615.13	
1615.14	
1615.14	
1615.16	
1615.17	
1615.17	
1615.18	
1615.2	
1615.21	
1615.21	
1615.23	
1615.24	
1615.24	
1615.25	
1615.27	
1615.28	
1615.28	
1615.3	
1615.31	
1615.31	
1615.33	
1615.34	
1615.35	
1615.35	
1615.37	
1615.38	
1615.38	
1615.39	
1615.41	
1615.42	
1615.42	
1615.44	
1615.45	
1615.45	
1615.46	
1615.48	
1615.49	
1615.49	
1615.51	
1615.52	
1615.52	
1615.53	
1615.55	
1615.56	
1615.56	
1615.58	
1615.59	
1615.59	
1615.6	
1615.62	
1615.63	
1615.63	
1615.65	
1615.66	
1615.66	
1615.68	
1615.69	
1615.7	
1615.7	
1615.72	
1615.73	
1615.73	
1615.74	
1615.76	
1615.77	
1615.77	
1615.79	
1615.79	
1615.81	
1615.81	
1615.83	
1615.84	
1615.84	
1615.86	
1615.87	
1615.87	
1615.89	
1615.9	
1615.91	
1615.91	
1615.93	
1615.94	
1615.94	
1615.94	
1615.97	
1615.97	
1615.99	
1616	
1616.01	
1616.01	
1616.02	
1616.04	
1616.05	
1616.05	
1616.07	
1616.08	
1616.08	
1616.09	
1616.11	
1616.12	
1616.12	
1616.14	
1616.15	
1616.15	
1616.16	
1616.18	
1616.19	
1616.19	
1616.21	
1616.22	
1616.22	
1616.23	
1616.25	
1616.26	
1616.26	
1616.28	
1616.29	
1616.29	
1616.3	
1616.32	
1616.32	
1616.34	
1616.35	
1616.36	
1616.36	
1616.37	
1616.39	
1616.4	
1616.4	
1616.42	
1616.43	
1616.43	
1616.44	
1616.46	
1616.47	
1616.47	
1616.49	
1616.5	
1616.5	
1616.51	
1616.53	
1616.54	
1616.54	
1616.56	
1616.57	
1616.57	
1616.59	
1616.6	
1616.61	
1616.61	
1616.63	
1616.64	
1616.64	
1616.65	
1616.67	
1616.68	
1616.68	
1616.7	
1616.71	
1616.71	
1616.73	
1616.74	
1616.75	
1616.75	
1616.77	
1616.78	
1616.78	
1616.79	
1616.81	
1616.82	
1616.82	
1616.84	
1616.85	
1616.85	
1616.86	
1616.88	
1616.89	
1616.89	
1616.91	
1616.92	
1616.92	
1616.93	
1616.95	
1616.96	
1616.96	
1616.98	
1616.99	
1616.99	
1617	
1617.02	
1617.03	
1617.03	
1617.05	
1617.06	
1617.06	
1617.07	
1617.09	
1617.1	
1617.1	
1617.12	
1617.13	
1617.13	
1617.14	
1617.16	
1617.16	
1617.18	
1617.19	
1617.2	
1617.2	
1617.21	
1617.23	
1617.24	
1617.24	
1617.26	
1617.27	
1617.27	
1617.28	
1617.3	
1617.31	
1617.31	
1617.33	
1617.34	
1617.34	
1617.35	
1617.37	
1617.37	
1617.39	
1617.4	
1617.41	
1617.41	
1617.42	
1617.44	
1617.45	
1617.45	
1617.47	
1617.48	
1617.48	
1617.49	
1617.51	
1617.52	
1617.52	
1617.54	
1617.54	
1617.55	
1617.56	
1617.58	
1617.59	
1617.59	
1617.61	
1617.62	
1617.62	
1617.64	
1617.65	
1617.66	
1617.66	
1617.68	
1617.69	
1617.69	
1617.7	
1617.72	
1617.73	
1617.73	
1617.75	
1617.76	
1617.76	
1617.77	
1617.79	
1617.8	
1617.8	
1617.82	
1617.83	
1617.83	
1617.84	
1617.86	
1617.87	
1617.87	
1617.89	
1617.9	
1617.9	
1617.91	
1617.93	
1617.94	
1617.94	
1617.96	
1617.97	
1617.98	
1618	
1618	
1618.01	
1618.01	
1618.03	
1618.04	
1618.04	
1618.05	
1618.07	
1618.08	
1618.08	
1618.1	
1618.11	
1618.11	
1618.12	
1618.14	
1618.15	
1618.15	
1618.17	
1618.18	
1618.18	
1618.19	
1618.21	
1618.22	
1618.22	
1618.24	
1618.25	
1618.25	
1618.26	
1618.28	
1618.29	
1618.29	
1618.31	
1618.32	
1618.32	
1618.33	
1618.35	
1618.36	
1618.36	
1618.38	
1618.39	
1618.39	
1618.4	
1618.42	
1618.43	
1618.43	
1618.45	
1618.46	
1618.46	
1618.47	
1618.49	
1618.5	
1618.5	
1618.52	
1618.53	
1618.53	
1618.54	
1618.56	
1618.57	
1618.57	
1618.59	
1618.6	
1618.6	
1618.61	
1618.63	
1618.64	
1618.64	
1618.66	
1618.67	
1618.67	
1618.68	
1618.7	
1618.71	
1618.71	
1618.73	
1618.74	
1618.74	
1618.75	
1618.77	
1618.78	
1618.78	
1618.8	
1618.81	
1618.81	
1618.82	
1618.84	
1618.85	
1618.85	
1618.87	
1618.88	
1618.88	
1618.89	
1618.91	
1618.92	
1618.92	
1618.94	
1618.95	
1618.95	
1618.96	
1618.98	
1618.99	
1618.99	
1619.01	
1619.02	
1619.02	
1619.03	
1619.05	
1619.06	
1619.06	
1619.08	
1619.09	
1619.09	
1619.1	
1619.12	
1619.13	
1619.13	
1619.15	
1619.16	
1619.16	
1619.17	
1619.19	
1619.19	
1619.2	
1619.22	
1619.23	
1619.23	
1619.24	
1619.26	
1619.27	
1619.27	
1619.29	
1619.3	
1619.3	
1619.31	
1619.33	
1619.34	
1619.34	
1619.36	
1619.37	
1619.37	
1619.38	
1619.4	
1619.41	
1619.41	
1619.43	
1619.44	
1619.44	
1619.45	
1619.47	
1619.48	
1619.48	
1619.5	
1619.51	
1619.51	
1619.52	
1619.54	
1619.55	
1619.55	
1619.57	
1619.58	
1619.58	
1619.59	
1619.61	
1619.62	
1619.62	
1619.64	
1619.65	
1619.65	
1619.66	
1619.68	
1619.69	
1619.69	
1619.71	
1619.72	
1619.72	
1619.73	
1619.75	
1619.76	
1619.76	
1619.78	
1619.79	
1619.79	
1619.81	
1619.82	
1619.83	
1619.83	
1619.85	
1619.86	
1619.86	
1619.87	
1619.89	
1619.9	
1619.9	
1619.92	
1619.93	
1619.93	
1619.94	
1619.96	
1619.96	
1619.97	
1619.99	
1620	
1620	
1620.01	
1620.03	
1620.04	
1620.04	
1620.06	
1620.07	
1620.07	
1620.08	
1620.1	
1620.11	
1620.11	
1620.13	
1620.14	
1620.14	
1620.15	
1620.17	
1620.18	
1620.18	
1620.2	
1620.21	
1620.21	
1620.22	
1620.24	
1620.25	
1620.25	
1620.27	
1620.28	
1620.28	
1620.29	
1620.31	
1620.32	
1620.32	
1620.34	
1620.35	
1620.35	
1620.36	
1620.38	
1620.39	
1620.39	
1620.41	
1620.42	
1620.42	
1620.43	
1620.45	
1620.46	
1620.46	
1620.48	
1620.49	
1620.49	
1620.5	
1620.52	
1620.53	
1620.53	
1620.55	
1620.56	
1620.56	
1620.57	
1620.59	
1620.6	
1620.6	
1620.62	
1620.63	
1620.63	
1620.64	
1620.66	
1620.67	
1620.67	
1620.69	
1620.7	
1620.7	
1620.71	
1620.73	
1620.74	
1620.74	
1620.76	
1620.77	
1620.77	
1620.78	
1620.8	
1620.81	
1620.81	
1620.83	
1620.84	
1620.84	
1620.85	
1620.87	
1620.88	
1620.88	
1620.9	
1620.91	
1620.91	
1620.93	
1620.94	
1620.95	
1620.95	
1620.97	
1620.98	
1620.99	
1620.99	
1621.01	
1621.02	
1621.02	
1621.04	
1621.05	
1621.05	
1621.06	
1621.08	
1621.09	
1621.09	
1621.11	
1621.12	
1621.12	
1621.13	
1621.15	
1621.16	
1621.16	
1621.18	
1621.19	
1621.19	
1621.21	
1621.22	
1621.23	
1621.23	
1621.25	
1621.26	
1621.26	
1621.27	
1621.29	
1621.3	
1621.3	
1621.32	
1621.33	
1621.33	
1621.34	
1621.36	
1621.37	
1621.37	
1621.39	
1621.4	
1621.4	
1621.42	
1621.43	
1621.43	
1621.45	
1621.46	
1621.47	
1621.47	
1621.48	
1621.5	
1621.51	
1621.51	
1621.53	
1621.54	
1621.54	
1621.55	
1621.57	
1621.58	
1621.58	
1621.6	
1621.61	
1621.61	
1621.62	
1621.64	
1621.65	
1621.65	
1621.67	
1621.68	
1621.68	
1621.69	
1621.71	
1621.72	
1621.72	
