time	
432.241	
432.241	
432.255	
432.269	
432.269	
432.283	
432.297	
432.311	
432.311	
432.325	
432.339	
432.339	
432.353	
432.367	
432.381	
432.381	
432.395	
432.409	
432.409	
432.423	
432.437	
432.451	
432.451	
432.465	
432.479	
432.479	
432.493	
432.507	
432.521	
432.521	
432.535	
432.549	
432.549	
432.563	
432.577	
432.591	
432.591	
432.605	
432.619	
432.619	
432.633	
432.647	
432.661	
432.661	
432.675	
432.689	
432.689	
432.703	
432.717	
432.731	
432.731	
432.745	
432.759	
432.759	
432.773	
432.787	
432.801	
432.801	
432.815	
432.829	
432.829	
432.843	
432.857	
432.871	
432.871	
432.885	
432.899	
432.899	
432.913	
432.927	
432.941	
432.941	
432.955	
432.969	
432.983	
432.983	
432.997	
433.011	
433.011	
433.025	
433.039	
433.039	
433.053	
433.067	
433.081	
433.081	
433.095	
433.109	
433.109	
433.123	
433.137	
433.151	
433.151	
433.165	
433.179	
433.179	
433.193	
433.207	
433.221	
433.221	
433.238	
433.249	
433.249	
433.263	
433.277	
433.291	
433.291	
433.305	
433.319	
433.319	
433.333	
433.347	
433.361	
433.361	
433.375	
433.389	
433.389	
433.403	
433.417	
433.431	
433.431	
433.445	
433.459	
433.459	
433.473	
433.487	
433.501	
433.501	
433.515	
433.529	
433.529	
433.543	
433.557	
433.571	
433.571	
433.585	
433.599	
433.599	
433.613	
433.627	
433.641	
433.641	
433.655	
433.669	
433.669	
433.683	
433.697	
433.711	
433.711	
433.725	
433.739	
433.739	
433.753	
433.767	
433.781	
433.781	
433.795	
433.809	
433.809	
433.823	
433.837	
433.851	
433.851	
433.865	
433.879	
433.879	
433.893	
433.907	
433.921	
433.921	
433.935	
433.949	
433.949	
433.963	
433.977	
433.991	
433.991	
434.005	
434.019	
434.019	
434.033	
434.047	
434.061	
434.061	
434.075	
434.089	
434.089	
434.103	
434.117	
434.131	
434.131	
434.146	
434.159	
434.159	
434.173	
434.187	
434.201	
434.201	
434.215	
434.229	
434.229	
434.245	
434.245	
434.271	
434.271	
434.285	
434.3	
434.3	
434.313	
434.327	
434.341	
434.341	
434.355	
434.369	
434.369	
434.383	
434.401	
434.411	
434.411	
434.425	
434.439	
434.439	
434.453	
434.467	
434.481	
434.481	
434.495	
434.509	
434.509	
434.523	
434.537	
434.551	
434.57	
434.57	
434.57	
434.594	
434.607	
434.621	
434.621	
434.621	
434.635	
434.649	
434.649	
434.663	
434.677	
434.691	
434.691	
434.705	
434.719	
434.719	
434.733	
434.747	
434.761	
434.761	
434.775	
434.789	
434.803	
434.803	
434.82	
434.831	
434.831	
434.845	
434.859	
434.859	
434.877	
434.887	
434.901	
434.901	
434.915	
434.929	
434.929	
434.943	
434.957	
434.971	
434.971	
434.985	
434.999	
435.013	
435.013	
435.027	
435.042	
435.042	
435.055	
435.069	
435.069	
435.083	
435.097	
435.097	
435.117	
435.125	
435.139	
435.139	
435.153	
435.167	
435.181	
435.181	
435.181	
435.209	
435.209	
435.227	
435.237	
435.237	
435.257	
435.266	
435.266	
435.293	
435.293	
435.307	
435.321	
435.321	
435.349	
435.349	
435.363	
435.377	
435.377	
435.391	
435.405	
435.419	
435.419	
435.419	
435.447	
435.447	
435.475	
435.475	
435.503	
435.503	
435.518	
435.546	
435.546	
435.559	
435.559	
435.587	
435.587	
435.601	
435.601	
435.615	
435.629	
435.629	
435.643	
435.657	
435.657	
435.674	
435.685	
435.699	
435.699	
435.718	
435.727	
435.741	
435.741	
435.755	
435.755	
435.777	
435.783	
435.797	
435.811	
435.811	
435.825	
435.839	
435.839	
435.853	
435.867	
435.867	
435.881	
435.895	
435.895	
435.923	
435.923	
435.937	
435.951	
435.951	
435.965	
435.981	
435.993	
435.993	
436.007	
436.021	
436.021	
436.035	
436.049	
436.063	
436.063	
436.105	
436.105	
436.133	
436.133	
436.175	
436.175	
436.175	
436.189	
436.189	
436.203	
436.203	
436.231	
436.231	
436.245	
436.259	
436.273	
436.273	
436.273	
436.287	
436.301	
436.315	
436.329	
436.329	
436.357	
436.357	
436.377	
436.377	
436.377	
436.386	
436.413	
436.413	
436.427	
436.441	
436.441	
436.455	
436.455	
436.469	
436.483	
436.483	
436.497	
436.511	
436.525	
436.525	
436.539	
436.553	
436.553	
436.567	
436.581	
436.595	
436.595	
436.609	
436.623	
436.623	
436.637	
436.651	
436.665	
436.665	
436.679	
436.693	
436.693	
436.707	
436.721	
436.735	
436.735	
436.749	
436.763	
436.763	
436.777	
436.791	
436.805	
436.805	
436.819	
436.833	
436.833	
436.849	
436.861	
436.875	
436.875	
436.889	
436.903	
436.903	
436.917	
436.935	
436.945	
436.945	
436.959	
436.974	
436.974	
436.987	
437.001	
437.015	
437.015	
437.029	
437.043	
437.043	
437.057	
437.071	
437.085	
437.085	
437.099	
437.113	
437.113	
437.127	
437.141	
437.155	
437.155	
437.169	
437.183	
437.183	
437.197	
437.211	
437.225	
437.225	
437.239	
437.253	
437.253	
437.267	
437.281	
437.295	
437.295	
437.309	
437.323	
437.323	
437.337	
437.351	
437.365	
437.365	
437.379	
437.393	
437.393	
437.407	
437.421	
437.435	
437.435	
437.449	
437.463	
437.463	
437.477	
437.491	
437.505	
437.505	
437.519	
437.533	
437.533	
437.547	
437.561	
437.575	
437.575	
437.589	
437.603	
437.603	
437.617	
437.631	
437.645	
437.645	
437.659	
437.673	
437.673	
437.687	
437.701	
437.715	
437.715	
437.729	
437.743	
437.743	
437.757	
437.771	
437.785	
437.785	
437.799	
437.813	
437.813	
437.827	
437.841	
437.855	
437.855	
437.869	
437.883	
437.883	
437.897	
437.911	
437.925	
437.925	
437.939	
437.953	
437.953	
437.967	
437.981	
437.995	
437.995	
438.009	
438.023	
438.023	
438.037	
438.051	
438.065	
438.065	
438.079	
438.093	
438.093	
438.107	
438.121	
438.135	
438.135	
438.149	
438.163	
438.163	
438.177	
438.191	
438.205	
438.205	
438.219	
438.233	
438.233	
438.247	
438.261	
438.275	
438.275	
438.289	
438.303	
438.303	
438.317	
438.331	
438.345	
438.345	
438.359	
438.373	
438.373	
438.387	
438.401	
438.415	
438.415	
438.429	
438.443	
438.443	
438.457	
438.471	
438.485	
438.485	
438.499	
438.513	
438.513	
438.527	
438.541	
438.555	
438.555	
438.569	
438.583	
438.583	
438.597	
438.611	
438.625	
438.625	
438.639	
438.658	
438.658	
438.667	
438.681	
438.695	
438.695	
438.709	
438.723	
438.723	
438.737	
438.751	
438.765	
438.765	
438.779	
438.793	
438.793	
438.807	
438.821	
438.835	
438.835	
438.849	
438.863	
438.863	
438.877	
438.891	
438.905	
438.905	
438.919	
438.933	
438.933	
438.947	
438.961	
438.975	
438.975	
438.989	
439.003	
439.003	
439.017	
439.031	
439.045	
439.045	
439.059	
439.073	
439.073	
439.087	
439.101	
439.115	
439.115	
439.129	
439.143	
439.143	
439.157	
439.171	
439.185	
439.185	
439.199	
439.213	
439.213	
439.227	
439.241	
439.241	
439.257	
439.269	
439.283	
439.283	
439.297	
439.311	
439.325	
439.325	
439.339	
439.353	
439.353	
439.367	
439.381	
439.395	
439.395	
439.409	
439.423	
439.423	
439.437	
439.451	
439.465	
439.465	
439.479	
439.493	
439.493	
439.507	
439.521	
439.535	
439.535	
439.549	
439.563	
439.563	
439.577	
439.591	
439.605	
439.605	
439.619	
439.633	
439.633	
439.647	
439.661	
439.675	
439.675	
439.689	
439.703	
439.703	
439.717	
439.731	
439.745	
439.745	
439.759	
439.773	
439.773	
439.787	
439.801	
439.815	
439.815	
439.829	
439.843	
439.843	
439.857	
439.871	
439.885	
439.899	
439.899	
439.913	
439.913	
439.927	
439.941	
439.955	
439.969	
439.969	
439.983	
439.983	
439.997	
440.011	
440.025	
440.025	
440.039	
440.053	
440.053	
440.067	
440.081	
440.095	
440.095	
440.109	
440.123	
440.123	
440.137	
440.151	
440.165	
