time	
119.77	
119.77	
119.784	
119.798	
119.798	
119.812	
119.826	
119.84	
119.84	
119.855	
119.868	
119.868	
119.882	
119.896	
119.91	
119.91	
119.924	
119.938	
119.938	
119.952	
119.966	
119.98	
119.98	
119.994	
120.009	
120.009	
120.022	
120.036	
120.05	
120.05	
120.064	
120.078	
120.078	
120.092	
120.106	
120.12	
120.12	
120.134	
120.148	
120.148	
120.162	
120.176	
120.19	
120.19	
120.204	
120.218	
120.218	
120.232	
120.246	
120.26	
120.26	
120.275	
120.288	
120.288	
120.303	
120.316	
120.33	
120.33	
120.344	
120.358	
120.358	
120.372	
120.386	
120.4	
120.4	
120.414	
120.428	
120.428	
120.442	
120.456	
120.47	
120.47	
120.484	
120.498	
120.498	
120.512	
120.526	
120.54	
120.54	
120.554	
120.568	
120.568	
120.582	
120.596	
120.61	
120.61	
120.624	
120.638	
120.638	
120.652	
120.666	
120.68	
120.68	
120.694	
120.709	
120.709	
120.722	
120.736	
120.75	
120.75	
120.764	
120.778	
120.778	
120.792	
120.807	
120.82	
120.82	
120.834	
120.848	
120.848	
120.862	
120.876	
120.89	
120.89	
120.904	
120.918	
120.918	
120.932	
120.946	
120.96	
120.96	
120.974	
120.99	
120.99	
121.002	
121.016	
121.03	
121.03	
121.044	
121.058	
121.058	
121.072	
121.087	
121.101	
121.101	
121.114	
121.128	
121.128	
121.142	
121.157	
121.17	
121.17	
121.184	
121.198	
121.198	
121.212	
121.226	
121.24	
121.24	
121.254	
121.268	
121.268	
121.282	
121.296	
121.31	
121.31	
121.324	
121.338	
121.338	
121.357	
121.366	
121.38	
121.38	
121.396	
121.408	
121.408	
121.422	
121.436	
121.45	
121.45	
121.464	
121.478	
121.478	
121.492	
121.506	
121.52	
121.52	
121.534	
121.548	
121.548	
121.562	
121.576	
121.59	
121.59	
121.604	
121.618	
121.618	
121.632	
121.647	
121.66	
121.66	
121.674	
121.688	
121.688	
121.702	
121.716	
121.73	
121.73	
121.744	
121.758	
121.758	
121.772	
121.786	
121.8	
121.8	
121.814	
121.828	
121.828	
121.842	
121.856	
121.87	
121.87	
121.885	
121.898	
121.898	
121.912	
121.926	
121.94	
121.94	
121.954	
121.968	
121.968	
121.982	
121.996	
122.01	
122.01	
122.024	
122.038	
122.038	
122.052	
122.066	
122.066	
122.083	
122.094	
122.094	
122.113	
122.122	
122.136	
122.151	
122.151	
122.164	
122.178	
122.178	
122.192	
122.206	
122.22	
122.22	
122.234	
122.248	
122.248	
122.262	
122.276	
122.29	
122.29	
122.304	
122.318	
122.318	
122.332	
122.346	
122.36	
122.36	
122.374	
122.388	
122.388	
122.402	
122.416	
122.43	
122.43	
122.445	
122.458	
122.458	
122.472	
122.486	
122.5	
122.5	
122.514	
122.528	
122.528	
122.543	
122.556	
122.57	
122.57	
122.584	
122.598	
122.598	
122.612	
122.626	
122.64	
122.64	
122.656	
122.67	
122.67	
122.682	
122.696	
122.71	
122.71	
122.724	
122.738	
122.738	
122.752	
122.766	
122.781	
122.781	
122.794	
122.808	
122.808	
122.822	
122.836	
122.85	
122.85	
122.864	
122.878	
122.878	
122.893	
122.906	
122.92	
122.92	
122.934	
122.949	
122.949	
122.962	
122.976	
122.992	
122.992	
123.004	
123.018	
123.018	
123.032	
123.046	
123.06	
123.06	
123.074	
123.088	
123.088	
123.102	
123.117	
123.13	
123.13	
123.146	
123.158	
123.158	
123.172	
123.187	
123.2	
123.2	
123.215	
123.215	
123.235	
123.245	
123.256	
123.256	
123.273	
123.284	
123.298	
123.298	
123.312	
123.326	
123.34	
123.34	
123.356	
123.368	
123.368	
123.382	
123.396	
123.41	
123.41	
123.424	
123.438	
123.438	
123.452	
123.466	
123.48	
123.48	
123.494	
123.508	
123.508	
123.522	
123.537	
123.55	
123.55	
123.564	
123.578	
123.578	
123.592	
123.606	
123.62	
123.62	
123.634	
123.648	
123.648	
123.662	
123.676	
123.69	
123.69	
123.704	
123.718	
123.718	
123.732	
123.746	
123.76	
123.76	
123.774	
123.788	
123.788	
123.802	
123.816	
123.83	
123.83	
123.844	
123.858	
123.858	
123.872	
123.886	
123.9	
123.9	
123.914	
123.928	
123.928	
123.942	
123.956	
123.97	
123.97	
123.984	
123.998	
123.998	
124.012	
124.026	
124.04	
124.04	
124.054	
124.068	
124.068	
124.082	
124.096	
124.11	
124.11	
124.124	
124.138	
124.138	
124.152	
124.166	
124.18	
124.18	
124.194	
124.209	
124.209	
124.222	
124.236	
124.25	
124.25	
124.264	
124.278	
124.278	
124.292	
124.306	
124.32	
124.32	
124.334	
124.348	
124.348	
124.362	
124.376	
124.39	
124.39	
124.404	
124.418	
124.418	
124.432	
124.446	
124.46	
124.46	
124.474	
124.488	
124.488	
124.502	
124.516	
124.53	
124.53	
124.545	
124.558	
124.558	
124.572	
124.586	
124.6	
124.6	
124.614	
124.628	
124.628	
124.642	
124.656	
124.67	
124.67	
124.684	
124.698	
124.698	
124.712	
124.726	
124.74	
124.74	
124.754	
124.768	
124.768	
124.783	
124.796	
124.81	
124.81	
124.824	
124.838	
124.838	
124.852	
124.866	
124.88	
124.88	
124.894	
124.908	
124.908	
124.922	
124.936	
124.95	
124.95	
124.964	
124.978	
124.978	
124.992	
125.006	
125.02	
125.02	
125.034	
125.048	
125.048	
125.062	
125.076	
125.09	
125.09	
125.104	
125.118	
125.118	
125.132	
125.147	
125.16	
125.16	
125.174	
125.188	
125.188	
125.202	
125.216	
125.23	
125.23	
125.245	
125.258	
125.258	
125.272	
125.286	
125.3	
125.3	
125.314	
125.329	
125.329	
125.342	
125.356	
125.37	
125.37	
125.385	
125.398	
125.398	
125.413	
125.426	
125.44	
125.44	
125.454	
125.468	
125.468	
125.482	
125.496	
125.51	
125.51	
125.524	
125.538	
125.538	
125.552	
125.566	
125.58	
125.58	
125.594	
125.608	
125.608	
125.623	
125.636	
125.65	
125.65	
125.664	
125.678	
125.678	
125.692	
125.706	
125.72	
125.72	
125.734	
125.748	
125.748	
125.762	
125.776	
125.79	
125.79	
125.804	
125.818	
125.818	
125.832	
125.846	
125.86	
125.86	
125.874	
125.888	
125.888	
125.902	
125.916	
125.93	
125.93	
125.944	
125.958	
125.958	
125.972	
125.986	
126	
126	
126.014	
126.028	
126.028	
126.042	
126.056	
126.07	
126.07	
126.084	
126.098	
126.098	
126.112	
126.126	
126.14	
126.14	
126.154	
126.168	
126.168	
126.182	
126.196	
126.21	
126.21	
126.226	
126.238	
126.238	
126.252	
126.266	
126.28	
126.28	
126.294	
126.308	
126.308	
126.323	
126.336	
126.35	
126.35	
126.364	
126.378	
126.378	
126.392	
126.406	
126.42	
126.42	
126.434	
126.448	
126.448	
126.462	
126.476	
126.49	
126.49	
126.504	
126.518	
126.518	
126.532	
126.546	
126.56	
126.56	
126.574	
126.588	
126.588	
126.602	
126.616	
126.63	
126.63	
126.644	
126.658	
126.658	
126.672	
126.686	
126.7	
126.7	
126.714	
126.728	
126.728	
126.742	
126.756	
126.77	
126.77	
126.784	
126.798	
126.798	
126.812	
126.826	
126.84	
126.84	
126.854	
126.868	
126.868	
126.882	
126.896	
126.91	
126.91	
126.924	
126.938	
126.938	
126.952	
126.966	
126.98	
126.98	
126.995	
127.008	
127.008	
127.022	
127.036	
127.05	
127.05	
127.064	
127.078	
127.078	
127.092	
127.106	
127.12	
127.12	
127.134	
127.148	
127.148	
127.162	
127.176	
127.19	
127.19	
127.204	
127.219	
127.219	
127.232	
127.246	
127.26	
127.26	
127.274	
127.288	
127.288	
127.302	
127.316	
127.33	
127.33	
127.344	
127.358	
127.358	
127.372	
127.387	
127.4	
127.4	
127.414	
127.428	
127.428	
127.442	
127.456	
127.47	
127.47	
127.484	
127.498	
127.498	
127.512	
127.526	
127.54	
127.54	
127.554	
127.568	
127.568	
127.583	
127.596	
127.61	
127.61	
127.624	
127.638	
127.638	
127.652	
