time	
1745.1	
1745.12	
1745.13	
1745.15	
1745.15	
1745.16	
1745.17	
1745.17	
1745.19	
1745.2	
1745.22	
1745.22	
1745.23	
1745.24	
1745.24	
1745.26	
1745.27	
1745.29	
1745.29	
1745.3	
1745.31	
1745.31	
1745.33	
1745.34	
1745.36	
1745.36	
1745.37	
1745.38	
1745.38	
1745.4	
1745.41	
1745.43	
1745.43	
1745.44	
1745.45	
1745.45	
1745.47	
1745.48	
1745.5	
1745.5	
1745.51	
1745.52	
1745.52	
1745.54	
1745.55	
1745.57	
1745.57	
1745.58	
1745.59	
1745.59	
1745.61	
1745.62	
1745.64	
1745.64	
1745.65	
1745.66	
1745.66	
1745.68	
1745.69	
1745.71	
1745.71	
1745.72	
1745.73	
1745.73	
1745.75	
1745.76	
1745.78	
1745.78	
1745.79	
1745.8	
1745.8	
1745.82	
1745.83	
1745.85	
1745.85	
1745.86	
1745.87	
1745.87	
1745.89	
1745.9	
1745.92	
1745.92	
1745.93	
1745.94	
1745.94	
1745.97	
1745.97	
1745.99	
1745.99	
1746	
1746.01	
1746.01	
1746.03	
1746.04	
1746.06	
1746.06	
1746.07	
1746.08	
1746.08	
1746.1	
1746.11	
1746.13	
1746.13	
1746.14	
1746.15	
1746.15	
1746.17	
1746.18	
1746.2	
1746.2	
1746.21	
1746.22	
1746.22	
1746.24	
1746.25	
1746.27	
1746.27	
1746.28	
1746.29	
1746.29	
1746.31	
1746.33	
1746.34	
1746.34	
1746.35	
1746.36	
1746.36	
1746.38	
1746.39	
1746.41	
1746.41	
1746.42	
1746.43	
1746.43	
1746.45	
1746.46	
1746.46	
1746.48	
1746.49	
1746.5	
1746.5	
1746.52	
1746.53	
1746.53	
1746.55	
1746.56	
1746.57	
1746.57	
1746.59	
1746.6	
1746.62	
1746.62	
1746.63	
1746.64	
1746.64	
1746.66	
1746.67	
1746.67	
1746.69	
1746.7	
1746.71	
1746.71	
1746.73	
1746.74	
1746.74	
1746.76	
1746.77	
1746.78	
1746.78	
1746.8	
1746.81	
1746.83	
1746.83	
1746.84	
1746.85	
1746.85	
1746.87	
1746.88	
1746.9	
1746.9	
1746.91	
1746.92	
1746.92	
1746.94	
1746.96	
1746.97	
1746.97	
1746.98	
1746.99	
1746.99	
1747.01	
1747.03	
1747.04	
1747.04	
1747.05	
1747.06	
1747.06	
1747.08	
1747.1	
1747.11	
1747.11	
1747.12	
1747.13	
1747.13	
1747.15	
1747.16	
1747.18	
1747.18	
1747.19	
1747.2	
1747.2	
1747.22	
1747.23	
1747.23	
1747.25	
1747.26	
1747.27	
1747.27	
1747.29	
1747.3	
1747.32	
1747.32	
1747.33	
1747.34	
1747.34	
1747.36	
1747.37	
1747.39	
1747.39	
1747.4	
1747.41	
1747.41	
1747.43	
1747.44	
1747.46	
1747.46	
1747.47	
1747.48	
1747.48	
1747.5	
1747.51	
1747.51	
1747.53	
1747.54	
1747.55	
1747.55	
1747.57	
1747.58	
1747.6	
1747.6	
1747.61	
1747.62	
1747.62	
1747.64	
1747.65	
1747.67	
1747.67	
1747.68	
1747.69	
1747.69	
1747.71	
1747.71	
1747.74	
1747.74	
1747.75	
1747.76	
1747.76	
1747.78	
1747.79	
1747.81	
1747.81	
1747.82	
1747.83	
1747.83	
1747.85	
1747.86	
1747.88	
1747.88	
1747.89	
1747.9	
1747.9	
1747.92	
1747.93	
1747.95	
1747.95	
1747.96	
1747.97	
1747.97	
1747.99	
1748	
1748.02	
1748.02	
1748.03	
1748.04	
1748.04	
1748.06	
1748.07	
1748.07	
1748.09	
1748.1	
1748.11	
1748.11	
1748.13	
1748.14	
1748.16	
1748.16	
1748.17	
1748.18	
1748.18	
1748.2	
1748.21	
1748.21	
1748.23	
1748.24	
1748.25	
1748.25	
1748.27	
1748.28	
1748.28	
1748.3	
1748.31	
1748.32	
1748.32	
1748.34	
1748.35	
1748.35	
1748.37	
1748.38	
1748.39	
1748.39	
1748.41	
1748.42	
1748.42	
1748.44	
1748.45	
1748.46	
1748.46	
1748.48	
1748.49	
1748.49	
1748.51	
1748.52	
1748.53	
1748.53	
1748.55	
1748.56	
1748.56	
1748.58	
1748.59	
1748.6	
1748.6	
1748.62	
1748.63	
1748.63	
1748.65	
1748.67	
1748.67	
1748.67	
1748.69	
1748.7	
1748.7	
1748.72	
1748.73	
1748.73	
1748.75	
1748.76	
1748.77	
1748.79	
1748.79	
1748.8	
1748.81	
1748.81	
1748.83	
1748.84	
1748.84	
1748.86	
1748.87	
1748.88	
1748.88	
1748.9	
1748.91	
1748.91	
1748.93	
1748.94	
1748.95	
1748.95	
1748.97	
1748.98	
1749	
1749	
1749.01	
1749.02	
1749.02	
1749.04	
1749.05	
1749.05	
1749.07	
1749.08	
1749.09	
1749.09	
1749.11	
1749.12	
1749.12	
1749.14	
1749.15	
1749.16	
1749.16	
1749.18	
1749.19	
1749.19	
1749.21	
1749.22	
1749.23	
1749.23	
1749.25	
1749.26	
1749.26	
1749.28	
1749.29	
1749.3	
1749.3	
1749.32	
1749.33	
1749.33	
1749.35	
1749.36	
1749.37	
1749.37	
1749.39	
1749.4	
1749.4	
1749.42	
1749.43	
1749.44	
1749.44	
1749.46	
1749.47	
1749.47	
1749.49	
1749.5	
1749.51	
1749.51	
1749.53	
1749.54	
1749.54	
1749.56	
1749.57	
1749.58	
1749.58	
1749.6	
1749.61	
1749.61	
1749.63	
1749.64	
1749.66	
1749.66	
1749.67	
1749.68	
1749.68	
1749.7	
1749.71	
1749.72	
1749.72	
1749.74	
1749.75	
1749.75	
1749.77	
1749.78	
1749.8	
1749.8	
1749.81	
1749.82	
1749.82	
1749.84	
1749.85	
1749.86	
1749.86	
1749.88	
1749.89	
1749.89	
1749.91	
1749.92	
1749.93	
1749.93	
1749.95	
1749.96	
1749.96	
1749.98	
1749.99	
1750	
1750	
1750.02	
1750.03	
1750.03	
1750.05	
1750.06	
1750.08	
1750.08	
1750.09	
1750.1	
1750.1	
1750.12	
1750.13	
1750.14	
1750.14	
1750.16	
1750.17	
1750.17	
1750.19	
1750.2	
1750.21	
1750.21	
1750.23	
1750.24	
1750.24	
1750.26	
1750.27	
1750.28	
1750.28	
1750.3	
1750.31	
1750.31	
1750.33	
1750.34	
1750.35	
1750.35	
1750.37	
1750.38	
1750.38	
1750.4	
1750.41	
1750.42	
1750.42	
1750.44	
1750.45	
1750.45	
1750.47	
1750.48	
1750.49	
1750.49	
1750.51	
1750.52	
1750.52	
1750.54	
1750.55	
1750.57	
1750.57	
1750.58	
1750.59	
1750.59	
1750.61	
1750.62	
1750.63	
1750.63	
1750.65	
1750.66	
1750.66	
1750.68	
1750.69	
1750.7	
1750.7	
1750.72	
1750.73	
1750.73	
1750.75	
1750.76	
1750.77	
1750.77	
1750.79	
1750.8	
1750.8	
1750.82	
1750.83	
1750.84	
1750.84	
1750.86	
1750.87	
1750.87	
1750.89	
1750.9	
1750.91	
1750.91	
1750.93	
1750.94	
1750.94	
1750.96	
1750.97	
1750.98	
1750.98	
1751	
1751.01	
1751.01	
1751.03	
1751.04	
1751.05	
1751.05	
1751.07	
1751.08	
1751.08	
1751.1	
1751.11	
1751.12	
1751.12	
1751.14	
1751.15	
1751.15	
1751.17	
1751.18	
1751.2	
1751.2	
1751.21	
1751.22	
1751.22	
1751.24	
1751.25	
1751.26	
1751.26	
1751.28	
1751.29	
1751.29	
1751.31	
1751.32	
1751.33	
1751.33	
1751.35	
1751.36	
1751.36	
1751.38	
1751.39	
1751.4	
1751.4	
1751.42	
1751.43	
1751.43	
1751.45	
1751.46	
1751.47	
1751.47	
1751.49	
1751.5	
1751.5	
1751.52	
1751.53	
1751.54	
1751.54	
1751.56	
1751.57	
1751.57	
1751.59	
1751.6	
1751.61	
1751.61	
1751.63	
1751.64	
1751.64	
1751.66	
1751.67	
1751.68	
1751.68	
1751.7	
1751.71	
1751.71	
1751.73	
1751.74	
1751.75	
1751.75	
1751.77	
1751.78	
1751.78	
1751.8	
1751.81	
1751.82	
1751.82	
1751.84	
1751.85	
1751.85	
1751.87	
1751.88	
1751.89	
1751.89	
1751.91	
1751.92	
1751.92	
1751.94	
1751.95	
1751.96	
1751.96	
1751.98	
1751.99	
1751.99	
1752.01	
1752.02	
1752.03	
1752.03	
1752.05	
1752.06	
1752.06	
1752.08	
1752.09	
1752.1	
1752.1	
1752.12	
1752.13	
1752.13	
1752.15	
1752.16	
1752.18	
1752.18	
1752.19	
1752.2	
1752.2	
1752.22	
1752.23	
1752.24	
1752.24	
1752.26	
1752.27	
1752.29	
1752.29	
1752.3	
1752.32	
1752.32	
1752.33	
1752.34	
1752.34	
1752.36	
1752.37	
1752.38	
1752.38	
1752.4	
1752.41	
1752.41	
1752.43	
1752.44	
1752.45	
1752.45	
1752.47	
1752.48	
1752.48	
1752.5	
1752.51	
1752.52	
1752.52	
1752.54	
1752.55	
1752.55	
1752.57	
1752.58	
1752.6	
1752.6	
1752.61	
1752.62	
1752.62	
1752.64	
1752.65	
1752.66	
1752.66	
1752.68	
1752.69	
1752.69	
1752.71	
1752.72	
1752.73	
1752.73	
1752.75	
1752.76	
1752.76	
1752.78	
1752.79	
1752.8	
1752.8	
1752.82	
1752.83	
1752.83	
1752.85	
1752.86	
1752.87	
1752.87	
1752.89	
1752.9	
1752.9	
1752.92	
