time	
5228.67	
5228.68	
5228.69	
5228.69	
5228.71	
5228.72	
5228.74	
5228.74	
5228.75	
5228.77	
5228.77	
5228.78	
5228.8	
5228.81	
5228.82	
5228.82	
5228.83	
5228.85	
5228.85	
5228.86	
5228.88	
5228.88	
5228.89	
5228.9	
5228.92	
5228.92	
5228.93	
5228.95	
5228.96	
5228.96	
5228.97	
5228.99	
5228.99	
5229	
5229	
5229.03	
5229.03	
5229.03	
5229.05	
5229.06	
5229.07	
5229.09	
5229.09	
5229.1	
5229.12	
5229.13	
5229.13	
5229.14	
5229.16	
5229.17	
5229.17	
5229.18	
5229.2	
5229.2	
5229.21	
5229.23	
5229.23	
5229.24	
5229.25	
5229.27	
5229.27	
5229.28	
5229.3	
5229.3	
5229.31	
5229.32	
5229.34	
5229.34	
5229.35	
5229.37	
5229.37	
5229.38	
5229.4	
5229.41	
5229.42	
5229.42	
5229.44	
5229.44	
5229.45	
5229.45	
5229.48	
5229.48	
5229.49	
5229.51	
5229.51	
5229.52	
5229.53	
5229.55	
5229.55	
5229.56	
5229.58	
5229.58	
5229.59	
5229.6	
5229.62	
5229.62	
5229.63	
5229.65	
5229.65	
5229.66	
5229.67	
5229.69	
5229.69	
5229.7	
5229.72	
5229.72	
5229.73	
5229.74	
5229.76	
5229.76	
5229.76	
5229.79	
5229.8	
5229.8	
5229.81	
5229.83	
5229.83	
5229.84	
5229.85	
5229.85	
5229.87	
5229.88	
5229.9	
5229.91	
5229.91	
5229.93	
5229.93	
5229.94	
5229.95	
5229.97	
5229.97	
5229.98	
5230	
5230	
5230.01	
5230.02	
5230.04	
5230.04	
5230.05	
5230.07	
5230.07	
5230.08	
5230.09	
5230.11	
5230.11	
5230.12	
5230.14	
5230.15	
5230.15	
5230.16	
5230.18	
5230.18	
5230.19	
5230.21	
5230.21	
5230.22	
5230.23	
5230.23	
5230.25	
5230.26	
5230.28	
5230.29	
5230.29	
5230.3	
5230.32	
5230.32	
5230.33	
5230.35	
5230.35	
5230.36	
5230.37	
5230.39	
5230.39	
5230.4	
5230.42	
5230.42	
5230.43	
5230.44	
5230.44	
5230.44	
5230.47	
5230.49	
5230.49	
5230.5	
5230.51	
5230.53	
5230.53	
5230.54	
5230.56	
5230.56	
5230.57	
5230.57	
5230.6	
5230.6	
5230.61	
5230.63	
5230.63	
5230.64	
5230.65	
5230.67	
5230.67	
5230.68	
5230.7	
5230.7	
5230.71	
5230.71	
5230.74	
5230.74	
5230.75	
5230.77	
5230.77	
5230.78	
5230.79	
5230.81	
5230.82	
5230.82	
5230.83	
5230.83	
5230.85	
5230.86	
5230.88	
5230.88	
5230.89	
5230.91	
5230.91	
5230.92	
5230.93	
5230.95	
5230.95	
5230.96	
5230.98	
5230.98	
5230.99	
5231	
5231.02	
5231.02	
5231.03	
5231.05	
5231.05	
5231.06	
5231.07	
5231.09	
5231.09	
5231.1	
5231.12	
5231.13	
5231.13	
5231.14	
5231.16	
5231.16	
5231.17	
5231.19	
5231.19	
5231.2	
5231.21	
5231.23	
5231.23	
5231.24	
5231.26	
5231.26	
5231.27	
5231.28	
5231.3	
5231.3	
5231.31	
5231.33	
5231.33	
5231.34	
5231.35	
5231.37	
5231.37	
5231.38	
5231.4	
5231.4	
5231.41	
5231.42	
5231.44	
5231.44	
5231.45	
5231.47	
5231.47	
5231.48	
5231.49	
5231.51	
5231.51	
5231.52	
5231.54	
5231.54	
5231.55	
5231.56	
5231.58	
5231.58	
5231.59	
5231.6	
5231.62	
5231.62	
5231.63	
5231.65	
5231.65	
5231.66	
5231.68	
5231.68	
5231.69	
5231.7	
5231.72	
5231.72	
5231.73	
5231.75	
5231.75	
5231.76	
5231.77	
5231.79	
5231.79	
5231.8	
5231.82	
5231.82	
5231.83	
5231.84	
5231.86	
5231.86	
5231.87	
5231.89	
5231.89	
5231.9	
5231.91	
5231.91	
5231.93	
5231.94	
5231.96	
5231.96	
5231.97	
5231.98	
5232	
5232	
5232.01	
5232.03	
5232.03	
5232.04	
5232.05	
5232.07	
5232.07	
5232.08	
5232.1	
5232.1	
5232.11	
5232.12	
5232.14	
5232.15	
5232.15	
5232.17	
5232.18	
5232.18	
5232.19	
5232.21	
5232.21	
5232.22	
5232.24	
5232.24	
5232.25	
5232.26	
5232.28	
5232.28	
5232.29	
5232.31	
5232.31	
5232.32	
5232.33	
5232.35	
5232.35	
5232.36	
5232.38	
5232.38	
5232.39	
5232.4	
5232.42	
5232.42	
5232.43	
5232.45	
5232.45	
5232.46	
5232.47	
5232.49	
5232.49	
5232.5	
5232.52	
5232.52	
5232.53	
5232.54	
5232.54	
5232.56	
5232.57	
5232.58	
5232.58	
5232.6	
5232.61	
5232.63	
5232.63	
5232.64	
5232.66	
5232.66	
5232.67	
5232.68	
5232.7	
5232.7	
5232.71	
5232.73	
5232.74	
5232.74	
5232.75	
5232.77	
5232.77	
5232.78	
5232.8	
5232.8	
5232.81	
5232.82	
5232.84	
5232.84	
5232.85	
5232.87	
5232.88	
5232.88	
5232.89	
5232.91	
5232.91	
5232.92	
5232.94	
5232.94	
5232.95	
5232.96	
5232.98	
5232.98	
5232.99	
5233.01	
5233.01	
5233.02	
5233.03	
5233.05	
5233.06	
5233.06	
5233.08	
5233.08	
5233.09	
5233.1	
5233.12	
5233.12	
5233.13	
5233.15	
5233.15	
5233.16	
5233.17	
5233.19	
5233.19	
5233.21	
5233.22	
5233.22	
5233.23	
5233.24	
5233.26	
5233.26	
5233.27	
5233.29	
5233.29	
5233.3	
5233.31	
5233.33	
5233.33	
5233.34	
5233.35	
5233.37	
5233.37	
5233.38	
5233.4	
5233.4	
5233.41	
5233.43	
5233.43	
5233.44	
5233.45	
5233.47	
5233.47	
5233.48	
5233.5	
5233.5	
5233.52	
5233.52	
5233.54	
5233.54	
5233.55	
5233.57	
5233.57	
5233.58	
5233.59	
5233.61	
5233.62	
5233.62	
5233.64	
5233.65	
5233.65	
5233.66	
5233.68	
5233.68	
5233.69	
5233.71	
5233.71	
5233.73	
5233.73	
5233.75	
5233.75	
5233.76	
5233.78	
5233.78	
5233.79	
5233.8	
5233.82	
5233.82	
5233.83	
5233.85	
5233.85	
5233.86	
5233.88	
5233.89	
5233.89	
5233.9	
5233.92	
5233.92	
5233.93	
5233.94	
5233.96	
5233.96	
5233.97	
5233.99	
5233.99	
5234	
5234.01	
5234.03	
5234.03	
5234.05	
5234.06	
5234.06	
5234.07	
5234.08	
5234.1	
5234.1	
5234.11	
5234.12	
5234.12	
5234.14	
5234.15	
5234.17	
5234.17	
5234.18	
5234.2	
5234.2	
5234.21	
5234.22	
5234.24	
5234.24	
5234.25	
5234.27	
5234.27	
5234.28	
5234.29	
5234.31	
5234.31	
5234.32	
5234.33	
5234.33	
5234.35	
5234.36	
5234.38	
5234.38	
5234.39	
5234.41	
5234.41	
5234.42	
5234.43	
5234.45	
5234.45	
5234.46	
5234.48	
5234.48	
5234.49	
5234.5	
5234.52	
5234.52	
5234.53	
5234.55	
5234.55	
5234.56	
5234.57	
5234.59	
5234.59	
5234.6	
5234.62	
5234.62	
5234.63	
5234.64	
5234.66	
5234.66	
5234.67	
5234.69	
5234.69	
5234.7	
5234.71	
5234.73	
5234.73	
5234.74	
5234.76	
5234.76	
5234.77	
5234.78	
5234.8	
5234.8	
5234.81	
5234.83	
5234.83	
5234.84	
5234.85	
5234.87	
5234.87	
5234.88	
5234.9	
5234.9	
5234.91	
5234.92	
5234.94	
5234.94	
5234.95	
5234.97	
5234.97	
5234.98	
5234.99	
5235.01	
5235.01	
5235.02	
5235.04	
5235.04	
5235.05	
5235.06	
5235.08	
5235.08	
5235.09	
5235.11	
5235.11	
5235.12	
5235.13	
5235.15	
5235.15	
5235.16	
5235.18	
5235.18	
5235.19	
5235.2	
5235.22	
5235.22	
5235.23	
5235.25	
5235.25	
5235.26	
5235.27	
5235.29	
5235.29	
5235.3	
5235.32	
5235.32	
5235.33	
5235.34	
5235.36	
5235.36	
5235.37	
5235.39	
5235.39	
5235.4	
5235.41	
5235.43	
5235.43	
5235.44	
5235.46	
5235.46	
5235.47	
5235.48	
5235.5	
5235.5	
5235.51	
5235.53	
5235.53	
5235.54	
5235.55	
5235.57	
5235.57	
5235.58	
5235.6	
5235.6	
5235.61	
5235.62	
5235.64	
5235.64	
5235.65	
5235.67	
5235.67	
5235.68	
5235.69	
5235.71	
5235.71	
5235.72	
5235.74	
5235.74	
5235.75	
5235.76	
5235.78	
5235.78	
5235.79	
5235.81	
5235.81	
5235.82	
5235.83	
5235.85	
5235.85	
5235.86	
5235.88	
5235.88	
5235.89	
5235.9	
5235.92	
5235.92	
5235.93	
5235.95	
5235.95	
5235.96	
5235.97	
5235.99	
5235.99	
5236	
5236.02	
5236.02	
5236.03	
5236.04	
5236.06	
5236.06	
5236.07	
5236.08	
5236.08	
5236.1	
5236.11	
5236.13	
5236.13	
5236.14	
5236.16	
5236.16	
5236.17	
5236.18	
5236.2	
5236.2	
5236.21	
5236.23	
5236.23	
5236.24	
5236.25	
5236.27	
5236.27	
5236.28	
5236.3	
5236.3	
5236.31	
5236.32	
5236.34	
5236.34	
5236.35	
5236.37	
5236.37	
5236.38	
5236.39	
5236.41	
5236.41	
5236.42	
5236.44	
