time	
868.434	
868.448	
868.448	
868.462	
868.476	
868.49	
868.49	
868.505	
868.518	
868.518	
868.532	
868.546	
868.56	
868.56	
868.574	
868.588	
868.588	
868.602	
868.616	
868.63	
868.63	
868.644	
868.658	
868.658	
868.672	
868.686	
868.7	
868.7	
868.714	
868.728	
868.728	
868.745	
868.756	
868.756	
868.773	
868.784	
868.798	
868.798	
868.812	
868.826	
868.84	
868.84	
868.854	
868.868	
868.868	
868.882	
868.896	
868.91	
868.91	
868.926	
868.939	
868.939	
868.952	
868.966	
868.98	
868.98	
868.994	
869.01	
869.01	
869.022	
869.039	
869.05	
869.05	
869.064	
869.078	
869.078	
869.092	
869.106	
869.12	
869.12	
869.134	
869.149	
869.149	
869.162	
869.176	
869.19	
869.19	
869.204	
869.218	
869.218	
869.232	
869.246	
869.26	
869.26	
869.274	
869.288	
869.288	
869.304	
869.318	
869.33	
869.33	
869.344	
869.358	
869.358	
869.372	
869.386	
869.4	
869.4	
869.414	
869.428	
869.428	
869.445	
869.456	
869.47	
869.47	
869.484	
869.498	
869.498	
869.513	
869.526	
869.54	
869.54	
869.555	
869.568	
869.568	
869.582	
869.598	
869.61	
869.61	
869.624	
869.641	
869.641	
869.652	
869.666	
869.68	
869.68	
869.694	
869.708	
869.708	
869.722	
869.736	
869.751	
869.751	
869.764	
869.778	
869.778	
869.792	
869.806	
869.82	
869.82	
869.834	
869.848	
869.848	
869.862	
869.876	
869.89	
869.89	
869.904	
869.918	
869.918	
869.932	
869.949	
869.96	
869.96	
869.974	
869.988	
869.988	
870.002	
870.017	
870.03	
870.03	
870.044	
870.058	
870.058	
870.072	
870.086	
870.1	
870.1	
870.117	
870.128	
870.128	
870.142	
870.156	
870.17	
870.17	
870.189	
870.199	
870.199	
870.212	
870.226	
870.24	
870.24	
870.254	
870.268	
870.268	
870.283	
870.296	
870.31	
870.31	
870.324	
870.338	
870.338	
870.352	
870.366	
870.38	
870.38	
870.394	
870.408	
870.408	
870.422	
870.436	
870.45	
870.45	
870.464	
870.478	
870.478	
870.492	
870.506	
870.521	
870.521	
870.534	
870.55	
870.55	
870.562	
870.576	
870.59	
870.59	
870.604	
870.618	
870.618	
870.632	
870.647	
870.66	
870.66	
870.674	
870.688	
870.688	
870.702	
870.718	
870.73	
870.73	
870.744	
870.758	
870.758	
870.772	
870.786	
870.8	
870.8	
870.815	
870.828	
870.828	
870.842	
870.856	
870.87	
870.87	
870.884	
870.884	
870.901	
870.913	
870.926	
870.94	
870.94	
870.954	
870.968	
870.968	
870.982	
870.997	
871.01	
871.01	
871.024	
871.038	
871.038	
871.052	
871.066	
871.08	
871.08	
871.094	
871.108	
871.108	
871.122	
871.136	
871.15	
871.15	
871.164	
871.178	
871.178	
871.192	
871.206	
871.22	
871.22	
871.234	
871.248	
871.248	
871.262	
871.276	
871.276	
871.291	
871.304	
871.318	
871.318	
871.332	
871.346	
871.346	
871.369	
871.374	
871.388	
871.388	
871.402	
871.416	
871.43	
871.43	
871.444	
871.458	
871.458	
871.472	
871.486	
871.5	
871.5	
871.516	
871.528	
871.528	
871.542	
871.556	
871.57	
871.57	
871.584	
871.598	
871.598	
871.612	
871.626	
871.64	
871.64	
871.654	
871.668	
871.668	
871.683	
871.696	
871.71	
871.71	
871.724	
871.738	
871.738	
871.752	
871.766	
871.78	
871.78	
871.794	
871.808	
871.808	
871.823	
871.837	
871.85	
871.85	
871.864	
871.878	
871.878	
871.892	
871.906	
871.92	
871.92	
871.934	
871.948	
871.948	
871.962	
871.976	
871.99	
871.99	
872.004	
872.018	
872.018	
872.032	
872.046	
872.06	
872.06	
872.074	
872.089	
872.089	
872.102	
872.116	
872.13	
872.13	
872.144	
872.158	
872.158	
872.172	
872.187	
872.2	
872.2	
872.214	
872.228	
872.228	
872.242	
872.256	
872.27	
872.27	
872.284	
872.298	
872.298	
872.312	
872.327	
872.34	
872.34	
872.354	
872.368	
872.368	
872.382	
872.396	
872.41	
872.41	
872.424	
872.438	
872.438	
872.452	
872.466	
872.48	
872.48	
872.494	
872.508	
872.508	
872.522	
872.536	
872.536	
872.551	
872.564	
872.578	
872.578	
872.592	
872.606	
872.62	
872.62	
872.634	
872.648	
872.648	
872.662	
872.676	
872.69	
872.69	
872.704	
872.718	
872.718	
872.732	
872.748	
872.76	
872.76	
872.774	
872.79	
872.802	
872.802	
872.816	
872.816	
872.831	
872.844	
872.858	
872.858	
872.872	
872.886	
872.9	
872.9	
872.914	
872.928	
872.928	
872.942	
872.956	
872.97	
872.97	
872.984	
872.998	
872.998	
873.012	
873.026	
873.04	
873.04	
873.054	
873.068	
873.068	
873.082	
873.097	
873.11	
873.11	
873.124	
873.138	
873.138	
873.152	
873.166	
873.18	
873.18	
873.194	
873.208	
873.208	
873.224	
873.236	
873.251	
873.251	
873.264	
873.278	
873.278	
873.292	
873.306	
873.32	
873.32	
873.334	
873.348	
873.348	
873.362	
873.376	
873.39	
873.39	
873.404	
873.418	
873.418	
873.432	
873.448	
873.46	
873.46	
873.474	
873.488	
873.488	
873.502	
873.518	
873.53	
873.53	
873.544	
873.558	
873.558	
873.572	
873.586	
873.6	
873.6	
873.614	
873.628	
873.628	
873.642	
873.656	
873.67	
873.67	
873.684	
873.698	
873.698	
873.714	
873.726	
873.74	
873.74	
873.754	
873.768	
873.768	
873.782	
873.796	
873.811	
873.811	
873.824	
873.838	
873.838	
873.852	
873.866	
873.88	
873.88	
873.894	
873.908	
873.908	
873.922	
873.936	
873.95	
873.95	
873.964	
873.98	
873.98	
873.992	
874.006	
874.02	
874.02	
874.034	
874.048	
874.048	
874.062	
874.076	
874.076	
874.091	
874.104	
874.118	
874.118	
874.132	
874.146	
874.16	
874.16	
874.174	
874.188	
874.188	
874.202	
874.216	
874.216	
874.233	
874.244	
874.258	
874.258	
874.272	
874.286	
874.286	
874.302	
874.314	
874.328	
874.328	
874.342	
874.356	
874.356	
874.372	
874.384	
874.399	
874.399	
874.412	
874.426	
874.44	
874.44	
874.454	
874.468	
874.468	
874.482	
874.496	
874.51	
874.51	
874.524	
874.541	
874.541	
874.552	
874.567	
874.58	
874.58	
874.594	
874.608	
874.608	
874.622	
874.64	
874.65	
874.65	
874.664	
874.678	
874.678	
874.692	
874.706	
874.72	
874.72	
874.734	
874.748	
874.748	
874.764	
874.776	
874.776	
874.791	
874.804	
874.818	
874.818	
874.832	
874.846	
874.86	
874.86	
874.874	
874.889	
874.889	
874.902	
874.916	
874.93	
874.93	
874.944	
874.958	
874.958	
874.972	
874.986	
875	
875	
875.014	
875.028	
875.028	
875.042	
875.056	
875.07	
875.07	
875.084	
875.098	
875.098	
875.112	
875.127	
875.14	
875.14	
875.154	
875.168	
875.168	
875.182	
875.196	
875.21	
875.21	
875.224	
875.238	
875.238	
875.252	
875.267	
875.28	
875.28	
875.294	
875.309	
875.309	
875.322	
875.336	
875.35	
875.35	
875.366	
875.378	
875.378	
875.393	
875.406	
875.406	
875.421	
875.434	
875.448	
875.448	
875.465	
875.477	
875.49	
875.49	
875.504	
875.518	
875.518	
875.532	
875.547	
875.56	
875.56	
875.574	
875.589	
875.589	
875.602	
875.616	
875.63	
875.63	
875.644	
875.658	
875.658	
875.672	
875.686	
875.7	
875.7	
875.714	
875.728	
875.728	
875.742	
875.756	
875.77	
875.77	
875.784	
875.798	
875.798	
875.812	
875.826	
875.84	
875.84	
875.854	
875.868	
875.868	
875.882	
875.898	
875.91	
875.91	
875.924	
875.938	
875.938	
875.952	
875.966	
875.98	
875.98	
875.995	
876.008	
876.008	
876.023	
876.036	
876.05	
876.05	
876.064	
876.078	
876.078	
876.092	
876.106	
876.12	
876.12	
876.134	
876.148	
876.148	
876.162	
876.176	
876.19	
876.19	
876.204	
876.218	
