time	
5389.3	
5389.32	
5389.33	
5389.33	
5389.35	
5389.36	
5389.37	
5389.37	
5389.39	
5389.41	
5389.41	
5389.41	
5389.44	
5389.44	
5389.46	
5389.46	
5389.47	
5389.48	
5389.48	
5389.5	
5389.51	
5389.51	
5389.53	
5389.54	
5389.55	
5389.55	
5389.57	
5389.58	
5389.58	
5389.6	
5389.61	
5389.62	
5389.62	
5389.64	
5389.65	
5389.65	
5389.67	
5389.68	
5389.69	
5389.69	
5389.71	
5389.72	
5389.72	
5389.74	
5389.75	
5389.75	
5389.76	
5389.78	
5389.79	
5389.79	
5389.81	
5389.82	
5389.83	
5389.83	
5389.85	
5389.86	
5389.86	
5389.88	
5389.89	
5389.9	
5389.9	
5389.92	
5389.93	
5389.93	
5389.95	
5389.96	
5389.97	
5389.97	
5389.99	
5390	
5390	
5390.02	
5390.03	
5390.04	
5390.04	
5390.06	
5390.07	
5390.07	
5390.08	
5390.1	
5390.11	
5390.11	
5390.13	
5390.14	
5390.14	
5390.16	
5390.17	
5390.18	
5390.18	
5390.2	
5390.21	
5390.21	
5390.23	
5390.24	
5390.25	
5390.25	
5390.27	
5390.28	
5390.28	
5390.3	
5390.31	
5390.32	
5390.32	
5390.34	
5390.35	
5390.37	
5390.37	
5390.38	
5390.39	
5390.39	
5390.41	
5390.42	
5390.42	
5390.44	
5390.45	
5390.45	
5390.47	
5390.48	
5390.49	
5390.51	
5390.51	
5390.52	
5390.53	
5390.53	
5390.55	
5390.56	
5390.56	
5390.58	
5390.59	
5390.59	
5390.61	
5390.62	
5390.63	
5390.63	
5390.65	
5390.66	
5390.67	
5390.67	
5390.69	
5390.7	
5390.7	
5390.72	
5390.73	
5390.74	
5390.74	
5390.76	
5390.77	
5390.77	
5390.79	
5390.8	
5390.81	
5390.81	
5390.83	
5390.84	
5390.84	
5390.85	
5390.87	
5390.88	
5390.88	
5390.88	
5390.91	
5390.91	
5390.93	
5390.94	
5390.95	
5390.95	
5390.97	
5390.98	
5390.98	
5391	
5391.01	
5391.02	
5391.02	
5391.04	
5391.05	
5391.05	
5391.07	
5391.08	
5391.08	
5391.1	
5391.11	
5391.12	
5391.12	
5391.14	
5391.15	
5391.15	
5391.17	
5391.18	
5391.19	
5391.21	
5391.21	
5391.22	
5391.23	
5391.23	
5391.25	
5391.26	
5391.26	
5391.28	
5391.29	
5391.3	
5391.3	
5391.32	
5391.33	
5391.33	
5391.35	
5391.36	
5391.37	
5391.37	
5391.39	
5391.39	
5391.41	
5391.42	
5391.43	
5391.44	
5391.44	
5391.46	
5391.47	
5391.49	
5391.49	
5391.5	
5391.51	
5391.51	
5391.53	
5391.54	
5391.54	
5391.56	
5391.57	
5391.58	
5391.58	
5391.6	
5391.61	
5391.62	
5391.62	
5391.64	
5391.65	
5391.65	
5391.67	
5391.68	
5391.68	
5391.7	
5391.71	
5391.72	
5391.72	
5391.74	
5391.75	
5391.75	
5391.77	
5391.78	
5391.79	
5391.79	
5391.81	
5391.82	
5391.82	
5391.83	
5391.85	
5391.86	
5391.86	
5391.88	
5391.89	
5391.89	
5391.91	
5391.92	
5391.93	
5391.93	
5391.95	
5391.96	
5391.96	
5391.98	
5391.99	
5392	
5392	
5392.02	
5392.03	
5392.03	
5392.05	
5392.06	
5392.07	
5392.07	
5392.09	
5392.1	
5392.12	
5392.12	
5392.13	
5392.14	
5392.14	
5392.16	
5392.17	
5392.17	
5392.19	
5392.2	
5392.21	
5392.21	
5392.23	
5392.24	
5392.24	
5392.26	
5392.27	
5392.28	
5392.28	
5392.3	
5392.31	
5392.31	
5392.33	
5392.34	
5392.35	
5392.37	
5392.37	
5392.38	
5392.38	
5392.4	
5392.41	
5392.42	
5392.42	
5392.44	
5392.45	
5392.45	
5392.47	
5392.48	
5392.49	
5392.49	
5392.51	
5392.52	
5392.54	
5392.54	
5392.55	
5392.56	
5392.56	
5392.58	
5392.59	
5392.59	
5392.6	
5392.62	
5392.63	
5392.63	
5392.65	
5392.66	
5392.66	
5392.68	
5392.69	
5392.7	
5392.7	
5392.72	
5392.73	
5392.73	
5392.75	
5392.76	
5392.77	
5392.77	
5392.79	
5392.8	
5392.82	
5392.82	
5392.83	
5392.84	
5392.84	
5392.86	
5392.87	
5392.87	
5392.89	
5392.9	
5392.91	
5392.91	
5392.93	
5392.94	
5392.96	
5392.96	
5392.97	
5392.98	
5392.98	
5393	
5393.01	
5393.01	
5393.03	
5393.04	
5393.05	
5393.07	
5393.07	
5393.08	
5393.08	
5393.1	
5393.11	
5393.12	
5393.12	
5393.14	
5393.15	
5393.15	
5393.17	
5393.18	
5393.19	
5393.19	
5393.21	
5393.22	
5393.24	
5393.24	
5393.25	
5393.26	
5393.26	
5393.28	
5393.29	
5393.29	
5393.31	
5393.32	
5393.33	
5393.33	
5393.35	
5393.36	
5393.36	
5393.38	
5393.39	
5393.4	
5393.4	
5393.42	
5393.43	
5393.43	
5393.45	
5393.46	
5393.47	
5393.47	
5393.49	
5393.5	
5393.5	
5393.52	
5393.53	
5393.54	
5393.54	
5393.56	
5393.57	
5393.57	
5393.58	
5393.6	
5393.61	
5393.61	
5393.63	
5393.64	
5393.64	
5393.66	
5393.67	
5393.68	
5393.68	
5393.7	
5393.71	
5393.71	
5393.73	
5393.74	
5393.75	
5393.75	
5393.77	
5393.78	
5393.78	
5393.8	
5393.81	
5393.82	
5393.82	
5393.84	
5393.85	
5393.85	
5393.87	
5393.88	
5393.89	
5393.89	
5393.91	
5393.92	
5393.92	
5393.94	
5393.95	
5393.96	
5393.96	
5393.98	
5393.99	
5393.99	
5394.01	
5394.02	
5394.03	
5394.03	
5394.05	
5394.06	
5394.06	
5394.08	
5394.09	
5394.1	
5394.1	
5394.12	
5394.13	
5394.13	
5394.15	
5394.16	
5394.17	
5394.17	
5394.19	
5394.2	
5394.2	
5394.22	
5394.23	
5394.24	
5394.24	
5394.26	
5394.27	
5394.27	
5394.29	
5394.3	
5394.31	
5394.31	
5394.33	
5394.34	
5394.34	
5394.35	
5394.37	
5394.38	
5394.38	
5394.4	
5394.41	
5394.41	
5394.43	
5394.44	
5394.45	
5394.45	
5394.47	
5394.48	
5394.48	
5394.5	
5394.51	
5394.52	
5394.52	
5394.54	
5394.55	
5394.55	
5394.57	
5394.58	
5394.59	
5394.59	
5394.61	
5394.62	
5394.62	
5394.64	
5394.65	
5394.66	
5394.66	
5394.68	
5394.69	
5394.69	
5394.71	
5394.72	
5394.73	
5394.73	
5394.75	
5394.76	
5394.76	
5394.78	
5394.79	
5394.8	
5394.8	
5394.82	
5394.83	
5394.83	
5394.85	
5394.86	
5394.87	
5394.87	
5394.89	
5394.9	
5394.9	
5394.92	
5394.93	
5394.94	
5394.94	
5394.96	
5394.97	
5394.97	
5394.99	
5395	
5395.01	
5395.01	
5395.03	
5395.04	
5395.04	
5395.06	
5395.07	
5395.08	
5395.08	
5395.1	
5395.11	
5395.11	
5395.12	
5395.14	
5395.15	
5395.15	
5395.17	
5395.18	
5395.18	
5395.2	
5395.21	
5395.22	
5395.22	
5395.24	
5395.25	
5395.25	
5395.27	
5395.28	
5395.29	
5395.29	
5395.31	
5395.32	
5395.33	
5395.33	
5395.35	
5395.36	
5395.36	
5395.38	
5395.39	
5395.39	
5395.41	
5395.42	
5395.43	
5395.43	
5395.45	
5395.46	
5395.46	
5395.48	
5395.49	
5395.5	
5395.5	
5395.52	
5395.53	
5395.53	
5395.55	
5395.56	
5395.57	
5395.57	
5395.59	
5395.6	
5395.6	
5395.62	
5395.63	
5395.64	
5395.64	
5395.66	
5395.67	
5395.67	
5395.69	
5395.7	
5395.71	
5395.71	
5395.73	
5395.74	
5395.74	
5395.76	
5395.77	
5395.78	
5395.78	
5395.8	
5395.81	
5395.81	
5395.83	
5395.84	
5395.85	
5395.85	
5395.87	
5395.88	
5395.88	
5395.9	
5395.91	
5395.92	
5395.92	
5395.94	
5395.95	
5395.95	
5395.97	
5395.98	
5395.99	
5395.99	
5396.01	
5396.02	
5396.02	
5396.04	
5396.05	
5396.06	
5396.06	
5396.08	
5396.09	
5396.09	
5396.1	
5396.12	
5396.13	
5396.13	
5396.15	
5396.16	
5396.16	
5396.18	
5396.19	
5396.2	
5396.2	
5396.22	
5396.23	
5396.25	
5396.25	
5396.26	
5396.27	
5396.27	
5396.29	
5396.3	
5396.3	
5396.32	
5396.33	
5396.34	
5396.34	
5396.36	
5396.37	
5396.37	
5396.39	
5396.4	
5396.41	
5396.41	
5396.43	
5396.44	
5396.44	
5396.46	
5396.47	
5396.48	
5396.48	
5396.5	
5396.51	
5396.51	
5396.53	
5396.54	
5396.55	
5396.55	
5396.57	
5396.58	
5396.58	
5396.6	
5396.61	
5396.62	
5396.62	
5396.64	
5396.65	
5396.65	
5396.67	
5396.68	
5396.69	
5396.71	
5396.71	
5396.72	
5396.72	
5396.74	
5396.75	
5396.76	
5396.76	
5396.78	
5396.79	
5396.79	
5396.81	
5396.82	
5396.83	
5396.83	
5396.85	
5396.86	
5396.86	
5396.88	
5396.89	
5396.9	
5396.9	
5396.92	
5396.93	
5396.93	
5396.95	
5396.96	
5396.97	
5396.97	
5396.99	
5397	
5397.02	
5397.02	
5397.03	
5397.04	
5397.04	
5397.06	
5397.07	
5397.08	
5397.08	
5397.1	
5397.11	
5397.11	
5397.13	
5397.14	
5397.14	
5397.16	
