time	
1970.82	
1970.84	
1970.85	
1970.85	
1970.87	
1970.88	
1970.89	
1970.89	
1970.91	
1970.92	
1970.92	
1970.94	
1970.95	
1970.96	
1970.96	
1970.98	
1970.99	
1970.99	
1971.01	
1971.02	
1971.03	
1971.03	
1971.05	
1971.06	
1971.06	
1971.08	
1971.09	
1971.1	
1971.1	
1971.12	
1971.13	
1971.13	
1971.15	
1971.16	
1971.17	
1971.17	
1971.19	
1971.2	
1971.2	
1971.22	
1971.23	
1971.24	
1971.24	
1971.26	
1971.27	
1971.27	
1971.29	
1971.3	
1971.31	
1971.31	
1971.33	
1971.34	
1971.34	
1971.36	
1971.37	
1971.38	
1971.38	
1971.4	
1971.41	
1971.41	
1971.43	
1971.44	
1971.45	
1971.45	
1971.47	
1971.48	
1971.48	
1971.5	
1971.51	
1971.52	
1971.52	
1971.54	
1971.55	
1971.55	
1971.57	
1971.58	
1971.59	
1971.59	
1971.61	
1971.62	
1971.62	
1971.64	
1971.65	
1971.66	
1971.66	
1971.68	
1971.69	
1971.69	
1971.71	
1971.72	
1971.73	
1971.73	
1971.75	
1971.76	
1971.76	
1971.78	
1971.79	
1971.8	
1971.8	
1971.82	
1971.83	
1971.83	
1971.85	
1971.86	
1971.87	
1971.87	
1971.89	
1971.9	
1971.9	
1971.92	
1971.93	
1971.94	
1971.94	
1971.96	
1971.97	
1971.97	
1971.99	
1972	
1972.01	
1972.01	
1972.03	
1972.04	
1972.04	
1972.06	
1972.07	
1972.08	
1972.08	
1972.1	
1972.11	
1972.11	
1972.13	
1972.14	
1972.15	
1972.15	
1972.17	
1972.18	
1972.18	
1972.2	
1972.21	
1972.22	
1972.22	
1972.24	
1972.25	
1972.25	
1972.27	
1972.28	
1972.29	
1972.29	
1972.31	
1972.32	
1972.32	
1972.34	
1972.35	
1972.36	
1972.36	
1972.38	
1972.39	
1972.39	
1972.41	
1972.42	
1972.43	
1972.43	
1972.45	
1972.46	
1972.46	
1972.48	
1972.49	
1972.5	
1972.5	
1972.52	
1972.53	
1972.53	
1972.55	
1972.56	
1972.57	
1972.57	
1972.59	
1972.6	
1972.6	
1972.62	
1972.63	
1972.64	
1972.64	
1972.66	
1972.67	
1972.67	
1972.69	
1972.7	
1972.7	
1972.72	
1972.73	
1972.74	
1972.74	
1972.76	
1972.77	
1972.78	
1972.78	
1972.8	
1972.81	
1972.81	
1972.83	
1972.84	
1972.85	
1972.85	
1972.87	
1972.88	
1972.88	
1972.9	
1972.91	
1972.92	
1972.92	
1972.94	
1972.95	
1972.95	
1972.97	
1972.97	
1972.99	
1972.99	
1973.01	
1973.02	
1973.02	
1973.04	
1973.05	
1973.06	
1973.06	
1973.08	
1973.09	
1973.09	
1973.11	
1973.12	
1973.13	
1973.13	
1973.15	
1973.16	
1973.16	
1973.18	
1973.19	
1973.2	
1973.2	
1973.22	
1973.23	
1973.23	
1973.25	
1973.26	
1973.27	
1973.27	
1973.29	
1973.3	
1973.3	
1973.32	
1973.33	
1973.34	
1973.34	
1973.36	
1973.37	
1973.37	
1973.39	
1973.4	
1973.41	
1973.41	
1973.43	
1973.44	
1973.44	
1973.46	
1973.47	
1973.48	
1973.48	
1973.5	
1973.51	
1973.51	
1973.53	
1973.54	
1973.54	
1973.56	
1973.57	
1973.58	
1973.58	
1973.6	
1973.61	
1973.62	
1973.62	
1973.64	
1973.65	
1973.65	
1973.67	
1973.68	
1973.69	
1973.69	
1973.71	
1973.72	
1973.72	
1973.74	
1973.75	
1973.76	
1973.76	
1973.78	
1973.79	
1973.79	
1973.81	
1973.82	
1973.83	
1973.83	
1973.85	
1973.86	
1973.86	
1973.88	
1973.89	
1973.9	
1973.9	
1973.92	
1973.93	
1973.93	
1973.95	
1973.96	
1973.97	
1973.97	
1973.99	
1974	
1974	
1974.02	
1974.03	
1974.04	
1974.04	
1974.06	
1974.07	
1974.07	
1974.09	
1974.1	
1974.11	
1974.11	
1974.13	
1974.14	
1974.14	
1974.16	
1974.17	
1974.18	
1974.18	
1974.2	
1974.21	
1974.21	
1974.23	
1974.24	
1974.25	
1974.25	
1974.27	
1974.28	
1974.28	
1974.3	
1974.31	
1974.32	
1974.32	
1974.34	
1974.35	
1974.35	
1974.37	
1974.38	
1974.39	
1974.39	
1974.41	
1974.42	
1974.42	
1974.44	
1974.45	
1974.46	
1974.46	
1974.48	
1974.49	
1974.49	
1974.51	
1974.52	
1974.52	
1974.54	
1974.55	
1974.56	
1974.56	
1974.58	
1974.59	
1974.6	
1974.6	
1974.62	
1974.63	
1974.63	
1974.66	
1974.66	
1974.67	
1974.67	
1974.69	
1974.7	
1974.7	
1974.73	
1974.73	
1974.74	
1974.74	
1974.76	
1974.76	
1974.77	
1974.79	
1974.8	
1974.81	
1974.81	
1974.83	
1974.84	
1974.84	
1974.86	
1974.88	
1974.88	
1974.9	
1974.9	
1974.91	
1974.93	
1974.93	
1974.94	
1974.95	
1974.95	
1974.97	
1974.98	
1975	
1975	
1975.01	
1975.02	
1975.04	
1975.04	
1975.05	
1975.07	
1975.07	
1975.08	
1975.09	
1975.09	
1975.11	
1975.12	
1975.14	
1975.14	
1975.15	
1975.16	
1975.16	
1975.18	
1975.19	
1975.19	
1975.21	
1975.22	
1975.23	
1975.23	
1975.25	
1975.26	
1975.26	
1975.28	
1975.29	
1975.3	
1975.3	
1975.32	
1975.33	
1975.33	
1975.35	
1975.36	
1975.37	
1975.37	
1975.37	
1975.4	
1975.4	
1975.42	
1975.43	
1975.44	
1975.44	
1975.46	
1975.47	
1975.49	
1975.49	
1975.49	
1975.51	
1975.51	
1975.53	
1975.54	
1975.54	
1975.56	
1975.57	
1975.58	
1975.58	
1975.6	
1975.61	
1975.61	
1975.63	
1975.64	
1975.65	
1975.65	
1975.67	
1975.68	
1975.68	
1975.7	
1975.71	
1975.72	
1975.72	
1975.74	
1975.75	
1975.75	
1975.77	
1975.78	
1975.79	
1975.79	
1975.81	
1975.82	
1975.82	
1975.84	
1975.85	
1975.86	
1975.86	
1975.88	
1975.89	
1975.89	
1975.91	
1975.92	
1975.93	
1975.93	
1975.95	
1975.96	
1975.96	
1975.98	
1975.99	
1976	
1976	
1976.02	
1976.03	
1976.03	
1976.05	
1976.06	
1976.07	
1976.07	
1976.09	
1976.1	
1976.1	
1976.12	
1976.13	
1976.14	
1976.14	
1976.16	
1976.17	
1976.17	
1976.19	
1976.2	
1976.21	
1976.21	
1976.23	
1976.24	
1976.24	
1976.26	
1976.27	
1976.28	
1976.28	
1976.3	
1976.31	
1976.31	
1976.33	
1976.34	
1976.35	
1976.35	
1976.37	
1976.38	
1976.38	
1976.4	
1976.41	
1976.42	
1976.42	
1976.44	
1976.45	
1976.45	
1976.47	
1976.48	
1976.49	
1976.49	
1976.51	
1976.52	
1976.52	
1976.54	
1976.55	
1976.56	
1976.56	
1976.58	
1976.59	
1976.59	
1976.61	
1976.62	
1976.63	
1976.63	
1976.65	
1976.66	
1976.66	
1976.68	
1976.69	
1976.7	
1976.7	
1976.72	
1976.73	
1976.73	
1976.75	
1976.76	
1976.77	
1976.77	
1976.79	
1976.8	
1976.8	
1976.82	
1976.83	
1976.84	
1976.84	
1976.86	
1976.87	
1976.87	
1976.89	
1976.9	
1976.91	
1976.91	
1976.93	
1976.94	
1976.94	
1976.96	
1976.97	
1976.98	
1976.98	
1977	
1977.01	
1977.01	
1977.03	
1977.04	
1977.05	
1977.05	
1977.07	
1977.08	
1977.08	
1977.1	
1977.11	
1977.12	
1977.12	
1977.14	
1977.15	
1977.15	
1977.17	
1977.18	
1977.19	
1977.19	
1977.21	
1977.22	
1977.22	
1977.24	
1977.25	
1977.26	
1977.26	
1977.28	
1977.29	
1977.29	
1977.31	
1977.32	
1977.33	
1977.33	
1977.35	
1977.36	
1977.36	
1977.38	
1977.39	
1977.4	
1977.4	
1977.42	
1977.43	
1977.43	
1977.45	
1977.46	
1977.47	
1977.47	
1977.49	
1977.5	
1977.5	
1977.52	
1977.53	
1977.54	
1977.54	
1977.56	
1977.57	
1977.57	
1977.59	
1977.6	
1977.61	
1977.61	
1977.63	
1977.64	
1977.64	
1977.66	
1977.67	
1977.68	
1977.68	
1977.7	
1977.71	
1977.71	
1977.73	
1977.74	
1977.75	
1977.75	
1977.77	
1977.78	
1977.78	
1977.8	
1977.81	
1977.82	
1977.82	
1977.84	
1977.85	
1977.85	
1977.87	
1977.88	
1977.89	
1977.89	
1977.91	
1977.92	
1977.92	
1977.94	
1977.95	
1977.96	
1977.96	
1977.98	
1977.99	
1977.99	
1978.01	
1978.02	
1978.03	
1978.03	
1978.05	
1978.06	
1978.06	
1978.08	
1978.09	
1978.1	
1978.1	
1978.12	
1978.13	
1978.13	
1978.15	
1978.16	
1978.17	
1978.17	
1978.19	
1978.2	
1978.2	
1978.22	
1978.23	
1978.24	
1978.24	
1978.26	
1978.27	
1978.27	
1978.29	
1978.3	
1978.31	
1978.31	
1978.33	
1978.34	
1978.34	
1978.36	
1978.37	
1978.38	
1978.38	
1978.4	
1978.41	
1978.41	
1978.43	
1978.44	
1978.45	
1978.45	
1978.47	
1978.48	
1978.48	
1978.5	
1978.51	
1978.52	
1978.52	
1978.54	
1978.55	
1978.55	
1978.57	
1978.58	
1978.59	
1978.59	
1978.61	
1978.62	
1978.62	
1978.64	
1978.65	
1978.66	
1978.66	
1978.68	
1978.69	
1978.69	
1978.71	
