time	
3404.39	
3404.41	
3404.42	
3404.43	
3404.43	
3404.45	
3404.46	
3404.46	
3404.48	
3404.49	
3404.49	
3404.5	
3404.52	
3404.53	
3404.53	
3404.55	
3404.56	
3404.56	
3404.57	
3404.59	
3404.6	
3404.6	
3404.62	
3404.63	
3404.63	
3404.64	
3404.66	
3404.67	
3404.67	
3404.69	
3404.7	
3404.7	
3404.71	
3404.73	
3404.74	
3404.74	
3404.76	
3404.77	
3404.77	
3404.78	
3404.8	
3404.81	
3404.81	
3404.83	
3404.84	
3404.84	
3404.85	
3404.87	
3404.88	
3404.88	
3404.9	
3404.91	
3404.92	
3404.92	
3404.94	
3404.95	
3404.95	
3404.97	
3404.98	
3404.98	
3404.99	
3405.01	
3405.02	
3405.02	
3405.04	
3405.05	
3405.05	
3405.06	
3405.08	
3405.09	
3405.09	
3405.11	
3405.12	
3405.12	
3405.13	
3405.15	
3405.16	
3405.16	
3405.18	
3405.19	
3405.19	
3405.2	
3405.22	
3405.23	
3405.23	
3405.25	
3405.26	
3405.26	
3405.27	
3405.29	
3405.3	
3405.3	
3405.32	
3405.33	
3405.34	
3405.34	
3405.36	
3405.37	
3405.37	
3405.39	
3405.4	
3405.4	
3405.41	
3405.43	
3405.44	
3405.44	
3405.46	
3405.47	
3405.47	
3405.48	
3405.5	
3405.51	
3405.53	
3405.53	
3405.54	
3405.54	
3405.55	
3405.57	
3405.58	
3405.58	
3405.6	
3405.61	
3405.62	
3405.62	
3405.64	
3405.65	
3405.65	
3405.67	
3405.68	
3405.69	
3405.69	
3405.71	
3405.72	
3405.72	
3405.74	
3405.75	
3405.75	
3405.78	
3405.78	
3405.79	
3405.79	
3405.81	
3405.82	
3405.82	
3405.83	
3405.85	
3405.85	
3405.86	
3405.88	
3405.89	
3405.89	
3405.9	
3405.92	
3405.93	
3405.93	
3405.95	
3405.96	
3405.96	
3405.97	
3405.99	
3406	
3406	
3406.02	
3406.03	
3406.03	
3406.04	
3406.06	
3406.07	
3406.07	
3406.09	
3406.1	
3406.1	
3406.11	
3406.13	
3406.14	
3406.14	
3406.16	
3406.17	
3406.17	
3406.18	
3406.2	
3406.21	
3406.21	
3406.23	
3406.24	
3406.24	
3406.25	
3406.27	
3406.28	
3406.28	
3406.3	
3406.31	
3406.31	
3406.33	
3406.33	
3406.35	
3406.36	
3406.37	
3406.38	
3406.38	
3406.39	
3406.41	
3406.42	
3406.42	
3406.44	
3406.45	
3406.45	
3406.46	
3406.48	
3406.49	
3406.49	
3406.51	
3406.52	
3406.52	
3406.53	
3406.55	
3406.56	
3406.56	
3406.58	
3406.59	
3406.59	
3406.6	
3406.62	
3406.63	
3406.63	
3406.65	
3406.66	
3406.66	
3406.67	
3406.69	
3406.7	
3406.7	
3406.72	
3406.73	
3406.73	
3406.74	
3406.76	
3406.77	
3406.77	
3406.79	
3406.8	
3406.81	
3406.81	
3406.83	
3406.84	
3406.84	
3406.86	
3406.87	
3406.87	
3406.88	
3406.9	
3406.91	
3406.93	
3406.93	
3406.94	
3406.94	
3406.95	
3406.97	
3406.98	
3406.98	
3407	
3407.01	
3407.01	
3407.02	
3407.04	
3407.05	
3407.05	
3407.07	
3407.08	
3407.08	
3407.1	
3407.11	
3407.12	
3407.12	
3407.14	
3407.15	
3407.15	
3407.16	
3407.18	
3407.19	
3407.19	
3407.21	
3407.22	
3407.22	
3407.23	
3407.25	
3407.26	
3407.26	
3407.28	
3407.29	
3407.29	
3407.3	
3407.32	
3407.33	
3407.33	
3407.35	
3407.36	
3407.36	
3407.37	
3407.37	
3407.4	
3407.4	
3407.42	
3407.43	
3407.43	
3407.44	
3407.46	
3407.47	
3407.47	
3407.49	
3407.5	
3407.5	
3407.51	
3407.53	
3407.54	
3407.54	
3407.56	
3407.57	
3407.57	
3407.58	
3407.6	
3407.61	
3407.61	
3407.63	
3407.64	
3407.64	
3407.65	
3407.67	
3407.68	
3407.68	
3407.7	
3407.71	
3407.71	
3407.72	
3407.74	
3407.75	
3407.75	
3407.77	
3407.78	
3407.78	
3407.79	
3407.81	
3407.82	
3407.82	
3407.84	
3407.84	
3407.85	
3407.86	
3407.86	
3407.88	
3407.9	
3407.91	
3407.92	
3407.92	
3407.93	
3407.95	
3407.96	
3407.96	
3407.98	
3407.99	
3407.99	
3408	
3408.02	
3408.03	
3408.03	
3408.05	
3408.06	
3408.06	
3408.07	
3408.09	
3408.1	
3408.1	
3408.12	
3408.13	
3408.13	
3408.14	
3408.16	
3408.17	
3408.17	
3408.19	
3408.2	
3408.2	
3408.22	
3408.23	
3408.24	
3408.24	
3408.26	
3408.26	
3408.27	
3408.28	
3408.3	
3408.31	
3408.31	
3408.33	
3408.34	
3408.34	
3408.35	
3408.37	
3408.38	
3408.38	
3408.4	
3408.42	
3408.42	
3408.42	
3408.44	
3408.45	
3408.45	
3408.47	
3408.48	
3408.48	
3408.5	
3408.51	
3408.52	
3408.52	
3408.54	
3408.55	
3408.55	
3408.56	
3408.58	
3408.59	
3408.59	
3408.61	
3408.61	
3408.63	
3408.63	
3408.65	
3408.66	
3408.66	
3408.68	
3408.69	
3408.69	
3408.7	
3408.72	
3408.73	
3408.73	
3408.75	
3408.76	
3408.76	
3408.77	
3408.79	
3408.8	
3408.82	
3408.82	
3408.82	
3408.84	
3408.84	
3408.86	
3408.87	
3408.87	
3408.89	
3408.9	
3408.9	
3408.91	
3408.93	
3408.94	
3408.94	
3408.96	
3408.97	
3408.97	
3408.98	
3409	
3409.01	
3409.01	
3409.03	
3409.04	
3409.04	
3409.05	
3409.05	
3409.08	
3409.08	
3409.1	
3409.11	
3409.11	
3409.12	
3409.14	
3409.15	
3409.15	
3409.17	
3409.18	
3409.18	
3409.19	
3409.21	
3409.22	
3409.22	
3409.24	
3409.25	
3409.25	
3409.26	
3409.28	
3409.29	
3409.29	
3409.31	
3409.32	
3409.33	
3409.33	
3409.35	
3409.36	
3409.38	
3409.38	
3409.39	
3409.39	
3409.4	
3409.42	
3409.43	
3409.43	
3409.45	
3409.46	
3409.46	
3409.47	
3409.49	
3409.5	
3409.5	
3409.52	
3409.53	
3409.53	
3409.54	
3409.56	
3409.57	
3409.57	
3409.59	
3409.6	
3409.61	
3409.61	
3409.63	
3409.64	
3409.64	
3409.66	
3409.67	
3409.68	
3409.68	
3409.7	
3409.71	
3409.71	
3409.73	
3409.74	
3409.74	
3409.75	
3409.77	
3409.78	
3409.78	
3409.8	
3409.81	
3409.81	
3409.82	
3409.84	
3409.85	
3409.85	
3409.87	
3409.88	
3409.88	
3409.89	
3409.91	
3409.92	
3409.92	
3409.94	
3409.95	
3409.96	
3409.96	
3409.98	
3409.99	
3409.99	
3410.01	
3410.02	
3410.02	
3410.03	
3410.05	
3410.06	
3410.06	
3410.08	
3410.09	
3410.09	
3410.1	
3410.12	
3410.13	
3410.13	
3410.15	
3410.16	
3410.16	
3410.17	
3410.19	
3410.2	
3410.22	
3410.22	
3410.23	
3410.23	
3410.24	
3410.26	
3410.27	
3410.27	
3410.29	
3410.3	
3410.3	
3410.31	
3410.33	
3410.34	
3410.34	
3410.36	
3410.37	
3410.37	
3410.38	
3410.4	
3410.41	
3410.41	
3410.43	
3410.44	
3410.44	
3410.45	
3410.47	
3410.48	
3410.48	
3410.5	
3410.51	
3410.51	
3410.52	
3410.54	
3410.55	
3410.55	
3410.57	
3410.58	
3410.58	
3410.59	
3410.61	
3410.62	
3410.62	
3410.64	
3410.65	
3410.65	
3410.66	
3410.68	
3410.69	
3410.69	
3410.71	
3410.72	
3410.73	
3410.73	
3410.75	
3410.76	
3410.76	
3410.78	
3410.79	
3410.79	
3410.8	
3410.82	
3410.83	
3410.83	
3410.85	
3410.86	
3410.86	
3410.87	
3410.89	
3410.9	
3410.9	
3410.92	
3410.93	
3410.93	
3410.94	
3410.96	
3410.97	
3410.97	
3410.99	
3411	
3411.01	
3411.01	
3411.03	
3411.04	
3411.04	
3411.06	
3411.07	
3411.07	
3411.08	
3411.1	
3411.11	
3411.11	
3411.13	
3411.14	
3411.14	
3411.15	
3411.17	
3411.18	
3411.18	
3411.2	
3411.21	
3411.21	
3411.23	
3411.24	
3411.25	
3411.25	
3411.27	
3411.28	
3411.28	
3411.29	
3411.31	
3411.32	
3411.32	
3411.34	
3411.35	
3411.35	
3411.36	
3411.38	
3411.39	
3411.39	
3411.41	
3411.42	
3411.42	
3411.43	
3411.45	
3411.46	
3411.46	
3411.48	
3411.49	
3411.49	
3411.5	
3411.52	
3411.53	
3411.53	
3411.55	
3411.56	
3411.56	
3411.57	
3411.59	
3411.6	
3411.6	
3411.62	
3411.63	
3411.63	
3411.64	
3411.66	
3411.67	
3411.67	
3411.69	
3411.7	
3411.7	
3411.71	
3411.73	
3411.74	
3411.74	
3411.76	
3411.77	
3411.77	
3411.78	
3411.8	
3411.81	
3411.81	
3411.83	
3411.84	
3411.84	
3411.85	
3411.87	
3411.88	
3411.88	
3411.9	
3411.91	
3411.91	
3411.92	
3411.94	
3411.95	
3411.95	
3411.97	
3411.98	
3411.98	
3411.99	
3412.01	
3412.02	
3412.02	
3412.04	
3412.05	
3412.05	
3412.06	
3412.08	
3412.09	
3412.09	
3412.11	
3412.12	
3412.12	
3412.13	
3412.15	
3412.16	
3412.16	
3412.18	
3412.19	
3412.19	
3412.2	
3412.22	
3412.23	
3412.23	
3412.25	
3412.26	
3412.26	
3412.27	
3412.29	
3412.29	
3412.3	
3412.32	
3412.33	
3412.33	
3412.34	
3412.36	
3412.37	
3412.37	
3412.39	
3412.4	
3412.4	
3412.41	
3412.43	
3412.44	
3412.44	
3412.46	
3412.47	
3412.47	
3412.48	
3412.5	
3412.51	
3412.51	
3412.53	
3412.54	
3412.54	
3412.55	
3412.57	
3412.58	
3412.58	
3412.6	
3412.61	
3412.61	
3412.62	
3412.64	
3412.65	
3412.65	
3412.67	
3412.68	
3412.68	
3412.69	
3412.71	
3412.72	
3412.72	
3412.74	
3412.75	
3412.75	
3412.77	
3412.78	
3412.79	
3412.79	
3412.81	
3412.82	
3412.82	
3412.83	
3412.85	
3412.86	
3412.86	
3412.88	
3412.89	
3412.89	
3412.9	
3412.92	
3412.93	
3412.93	
3412.95	
3412.96	
3412.96	
3412.97	
3412.99	
3413	
3413	
3413.02	
3413.03	
3413.03	
3413.04	
3413.06	
3413.07	
3413.07	
3413.09	
3413.1	
3413.1	
3413.11	
3413.13	
3413.14	
3413.14	
3413.16	
3413.17	
3413.17	
3413.18	
3413.2	
3413.21	
3413.21	
3413.23	
3413.24	
3413.25	
3413.25	
