time	
2695.23	
2695.24	
2695.25	
2695.27	
2695.27	
2695.28	
2695.3	
2695.3	
2695.31	
2695.32	
2695.34	
2695.34	
2695.35	
2695.37	
2695.37	
2695.38	
2695.4	
2695.41	
2695.41	
2695.42	
2695.44	
2695.44	
2695.45	
2695.46	
2695.48	
2695.48	
2695.49	
2695.51	
2695.51	
2695.52	
2695.53	
2695.55	
2695.55	
2695.56	
2695.58	
2695.58	
2695.59	
2695.6	
2695.62	
2695.62	
2695.63	
2695.65	
2695.65	
2695.66	
2695.67	
2695.69	
2695.69	
2695.7	
2695.72	
2695.72	
2695.73	
2695.74	
2695.76	
2695.76	
2695.77	
2695.79	
2695.79	
2695.8	
2695.81	
2695.83	
2695.83	
2695.84	
2695.86	
2695.86	
2695.87	
2695.88	
2695.9	
2695.9	
2695.91	
2695.93	
2695.93	
2695.94	
2695.95	
2695.97	
2695.97	
2695.98	
2696	
2696	
2696.01	
2696.02	
2696.04	
2696.04	
2696.05	
2696.07	
2696.07	
2696.08	
2696.09	
2696.11	
2696.11	
2696.12	
2696.14	
2696.14	
2696.15	
2696.17	
2696.18	
2696.18	
2696.19	
2696.21	
2696.21	
2696.22	
2696.23	
2696.25	
2696.25	
2696.26	
2696.28	
2696.28	
2696.29	
2696.3	
2696.32	
2696.32	
2696.33	
2696.35	
2696.35	
2696.36	
2696.37	
2696.39	
2696.39	
2696.4	
2696.42	
2696.42	
2696.43	
2696.44	
2696.46	
2696.46	
2696.47	
2696.49	
2696.49	
2696.5	
2696.51	
2696.53	
2696.53	
2696.54	
2696.56	
2696.56	
2696.57	
2696.58	
2696.6	
2696.6	
2696.61	
2696.63	
2696.63	
2696.64	
2696.65	
2696.67	
2696.67	
2696.68	
2696.7	
2696.7	
2696.71	
2696.73	
2696.74	
2696.74	
2696.75	
2696.77	
2696.77	
2696.78	
2696.79	
2696.81	
2696.81	
2696.82	
2696.84	
2696.84	
2696.85	
2696.86	
2696.88	
2696.88	
2696.89	
2696.91	
2696.91	
2696.92	
2696.93	
2696.95	
2696.95	
2696.96	
2696.98	
2696.98	
2696.99	
2697	
2697.02	
2697.02	
2697.03	
2697.05	
2697.05	
2697.06	
2697.07	
2697.09	
2697.09	
2697.1	
2697.12	
2697.12	
2697.13	
2697.14	
2697.14	
2697.16	
2697.17	
2697.19	
2697.19	
2697.2	
2697.21	
2697.23	
2697.23	
2697.24	
2697.26	
2697.26	
2697.27	
2697.28	
2697.28	
2697.31	
2697.31	
2697.33	
2697.33	
2697.34	
2697.35	
2697.37	
2697.37	
2697.38	
2697.4	
2697.4	
2697.41	
2697.43	
2697.44	
2697.44	
2697.45	
2697.47	
2697.47	
2697.48	
2697.49	
2697.51	
2697.51	
2697.52	
2697.54	
2697.55	
2697.55	
2697.56	
2697.58	
2697.58	
2697.59	
2697.61	
2697.61	
2697.62	
2697.63	
2697.65	
2697.65	
2697.66	
2697.68	
2697.68	
2697.69	
2697.7	
2697.72	
2697.72	
2697.73	
2697.75	
2697.75	
2697.76	
2697.77	
2697.79	
2697.79	
2697.8	
2697.8	
2697.82	
2697.83	
2697.84	
2697.86	
2697.86	
2697.87	
2697.89	
2697.89	
2697.9	
2697.91	
2697.93	
2697.93	
2697.94	
2697.96	
2697.96	
2697.97	
2697.98	
2698	
2698	
2698.01	
2698.03	
2698.03	
2698.04	
2698.05	
2698.07	
2698.07	
2698.08	
2698.1	
2698.1	
2698.11	
2698.11	
2698.14	
2698.14	
2698.15	
2698.17	
2698.18	
2698.18	
2698.19	
2698.21	
2698.21	
2698.22	
2698.24	
2698.24	
2698.25	
2698.25	
2698.28	
2698.28	
2698.29	
2698.31	
2698.31	
2698.32	
2698.33	
2698.35	
2698.35	
2698.36	
2698.38	
2698.38	
2698.39	
2698.4	
2698.42	
2698.42	
2698.43	
2698.45	
2698.45	
2698.46	
2698.47	
2698.49	
2698.49	
2698.5	
2698.52	
2698.52	
2698.53	
2698.54	
2698.56	
2698.56	
2698.57	
2698.59	
2698.59	
2698.6	
2698.61	
2698.63	
2698.63	
2698.64	
2698.66	
2698.67	
2698.67	
2698.68	
2698.7	
2698.7	
2698.71	
2698.73	
2698.73	
2698.74	
2698.75	
2698.77	
2698.77	
2698.78	
2698.8	
2698.8	
2698.81	
2698.82	
2698.84	
2698.84	
2698.85	
2698.87	
2698.87	
2698.88	
2698.9	
2698.91	
2698.91	
2698.92	
2698.94	
2698.94	
2698.95	
2698.96	
2698.98	
2698.98	
2698.99	
2699.01	
2699.01	
2699.02	
2699.03	
2699.05	
2699.05	
2699.06	
2699.08	
2699.08	
2699.09	
2699.1	
2699.12	
2699.12	
2699.13	
2699.15	
2699.16	
2699.16	
2699.17	
2699.19	
2699.19	
2699.2	
2699.22	
2699.22	
2699.23	
2699.24	
2699.26	
2699.26	
2699.27	
2699.29	
2699.29	
2699.3	
2699.31	
2699.33	
2699.33	
2699.34	
2699.36	
2699.36	
2699.37	
2699.38	
2699.38	
2699.4	
2699.41	
2699.43	
2699.43	
2699.44	
2699.45	
2699.47	
2699.47	
2699.48	
2699.5	
2699.5	
2699.51	
2699.52	
2699.54	
2699.54	
2699.55	
2699.57	
2699.57	
2699.58	
2699.59	
2699.61	
2699.61	
2699.62	
2699.64	
2699.64	
2699.65	
2699.66	
2699.68	
2699.68	
2699.69	
2699.71	
2699.72	
2699.72	
2699.73	
2699.75	
2699.75	
2699.76	
2699.78	
2699.78	
2699.79	
2699.8	
2699.8	
2699.82	
2699.83	
2699.85	
2699.85	
2699.86	
2699.87	
2699.89	
2699.89	
2699.9	
2699.92	
2699.92	
2699.93	
2699.94	
2699.96	
2699.96	
2699.97	
2699.99	
2699.99	
2700	
2700.01	
2700.03	
2700.03	
2700.04	
2700.06	
2700.06	
2700.07	
2700.08	
2700.1	
2700.1	
2700.11	
2700.13	
2700.13	
2700.14	
2700.15	
2700.17	
2700.17	
2700.18	
2700.2	
2700.2	
2700.21	
2700.22	
2700.24	
2700.24	
2700.26	
2700.27	
2700.27	
2700.28	
2700.29	
2700.31	
2700.31	
2700.32	
2700.34	
2700.34	
2700.35	
2700.36	
2700.38	
2700.38	
2700.39	
2700.41	
2700.41	
2700.42	
2700.43	
2700.45	
2700.45	
2700.46	
2700.48	
2700.48	
2700.49	
2700.5	
2700.52	
2700.52	
2700.53	
2700.55	
2700.56	
2700.56	
2700.57	
2700.59	
2700.59	
2700.6	
2700.62	
2700.62	
2700.63	
2700.64	
2700.66	
2700.66	
2700.67	
2700.69	
2700.69	
2700.7	
2700.71	
2700.73	
2700.73	
2700.74	
2700.76	
2700.76	
2700.77	
2700.78	
2700.8	
2700.8	
2700.81	
2700.83	
2700.83	
2700.84	
2700.85	
2700.87	
2700.87	
2700.88	
2700.9	
2700.9	
2700.91	
2700.92	
2700.94	
2700.94	
2700.95	
2700.97	
2700.97	
2700.98	
2700.99	
2701.01	
2701.01	
2701.02	
2701.04	
2701.04	
2701.05	
2701.06	
2701.08	
2701.08	
2701.09	
2701.11	
2701.11	
2701.12	
2701.13	
2701.15	
2701.15	
2701.16	
2701.18	
2701.18	
2701.19	
2701.2	
2701.22	
2701.22	
2701.23	
2701.25	
2701.25	
2701.26	
2701.27	
2701.29	
2701.29	
2701.3	
2701.32	
2701.32	
2701.33	
2701.34	
2701.36	
2701.36	
2701.37	
2701.39	
2701.4	
2701.4	
2701.41	
2701.43	
2701.43	
2701.44	
2701.46	
2701.46	
2701.47	
2701.48	
2701.5	
2701.5	
2701.51	
2701.53	
2701.53	
2701.54	
2701.55	
2701.57	
2701.57	
2701.58	
2701.6	
2701.6	
2701.61	
2701.62	
2701.64	
2701.64	
2701.65	
2701.67	
2701.67	
2701.68	
2701.69	
2701.71	
2701.71	
2701.72	
2701.74	
2701.74	
2701.75	
2701.76	
2701.78	
2701.78	
2701.79	
2701.81	
2701.81	
2701.82	
2701.83	
2701.85	
2701.85	
2701.86	
2701.88	
2701.88	
2701.89	
2701.9	
2701.92	
2701.92	
2701.93	
2701.95	
2701.96	
2701.96	
2701.97	
2701.99	
2701.99	
2702	
2702.02	
2702.02	
2702.03	
2702.04	
2702.06	
2702.06	
2702.07	
2702.09	
2702.09	
2702.1	
2702.11	
2702.13	
2702.13	
2702.14	
2702.16	
2702.16	
2702.17	
2702.18	
2702.2	
2702.2	
2702.21	
2702.23	
2702.23	
2702.24	
2702.25	
2702.27	
2702.27	
2702.28	
2702.3	
2702.3	
2702.31	
2702.32	
2702.34	
