time	
2034.2	
2034.22	
2034.22	
2034.23	
2034.25	
2034.25	
2034.26	
2034.27	
2034.29	
2034.29	
2034.3	
2034.32	
2034.32	
2034.33	
2034.34	
2034.36	
2034.36	
2034.37	
2034.39	
2034.39	
2034.4	
2034.41	
2034.43	
2034.43	
2034.44	
2034.46	
2034.46	
2034.47	
2034.48	
2034.5	
2034.5	
2034.51	
2034.53	
2034.53	
2034.54	
2034.55	
2034.57	
2034.57	
2034.58	
2034.6	
2034.6	
2034.61	
2034.62	
2034.64	
2034.64	
2034.65	
2034.67	
2034.67	
2034.68	
2034.69	
2034.71	
2034.71	
2034.72	
2034.74	
2034.74	
2034.75	
2034.76	
2034.78	
2034.78	
2034.79	
2034.81	
2034.81	
2034.82	
2034.83	
2034.85	
2034.85	
2034.86	
2034.88	
2034.88	
2034.89	
2034.9	
2034.92	
2034.92	
2034.93	
2034.95	
2034.95	
2034.96	
2034.97	
2034.99	
2034.99	
2035	
2035.02	
2035.02	
2035.03	
2035.04	
2035.06	
2035.06	
2035.07	
2035.09	
2035.09	
2035.1	
2035.11	
2035.13	
2035.13	
2035.14	
2035.16	
2035.16	
2035.17	
2035.18	
2035.2	
2035.2	
2035.21	
2035.23	
2035.23	
2035.24	
2035.25	
2035.27	
2035.27	
2035.28	
2035.3	
2035.3	
2035.31	
2035.33	
2035.35	
2035.35	
2035.35	
2035.37	
2035.37	
2035.38	
2035.39	
2035.41	
2035.41	
2035.42	
2035.44	
2035.44	
2035.45	
2035.46	
2035.48	
2035.48	
2035.49	
2035.51	
2035.51	
2035.52	
2035.53	
2035.55	
2035.55	
2035.56	
2035.58	
2035.58	
2035.59	
2035.6	
2035.6	
2035.62	
2035.63	
2035.65	
2035.65	
2035.66	
2035.67	
2035.69	
2035.69	
2035.7	
2035.72	
2035.72	
2035.73	
2035.74	
2035.76	
2035.76	
2035.77	
2035.79	
2035.79	
2035.8	
2035.81	
2035.83	
2035.83	
2035.84	
2035.86	
2035.86	
2035.87	
2035.88	
2035.9	
2035.9	
2035.91	
2035.93	
2035.93	
2035.94	
2035.95	
2035.97	
2035.97	
2035.99	
2036	
2036	
2036.01	
2036.02	
2036.04	
2036.04	
2036.05	
2036.05	
2036.07	
2036.08	
2036.09	
2036.11	
2036.11	
2036.12	
2036.14	
2036.14	
2036.15	
2036.15	
2036.18	
2036.18	
2036.19	
2036.21	
2036.21	
2036.22	
2036.23	
2036.25	
2036.25	
2036.26	
2036.28	
2036.28	
2036.29	
2036.3	
2036.32	
2036.32	
2036.33	
2036.35	
2036.35	
2036.36	
2036.37	
2036.39	
2036.39	
2036.4	
2036.4	
2036.42	
2036.43	
2036.44	
2036.46	
2036.46	
2036.47	
2036.49	
2036.49	
2036.5	
2036.51	
2036.53	
2036.53	
2036.54	
2036.56	
2036.56	
2036.57	
2036.58	
2036.6	
2036.6	
2036.61	
2036.63	
2036.63	
2036.64	
2036.65	
2036.67	
2036.67	
2036.68	
2036.7	
2036.7	
2036.71	
2036.72	
2036.74	
2036.74	
2036.75	
2036.77	
2036.77	
2036.78	
2036.79	
2036.81	
2036.81	
2036.83	
2036.84	
2036.84	
2036.85	
2036.86	
2036.88	
2036.88	
2036.89	
2036.91	
2036.91	
2036.92	
2036.93	
2036.95	
2036.95	
2036.97	
2036.98	
2036.98	
2036.99	
2037	
2037.02	
2037.02	
2037.03	
2037.05	
2037.05	
2037.06	
2037.07	
2037.09	
2037.09	
2037.1	
2037.12	
2037.12	
2037.13	
2037.14	
2037.16	
2037.16	
2037.17	
2037.19	
2037.19	
2037.2	
2037.21	
2037.23	
2037.23	
2037.24	
2037.26	
2037.26	
2037.27	
2037.29	
2037.3	
2037.3	
2037.31	
2037.33	
2037.33	
2037.34	
2037.35	
2037.37	
2037.37	
2037.38	
2037.4	
2037.4	
2037.41	
2037.42	
2037.44	
2037.44	
2037.45	
2037.47	
2037.47	
2037.48	
2037.49	
2037.51	
2037.51	
2037.52	
2037.54	
2037.54	
2037.55	
2037.56	
2037.58	
2037.58	
2037.59	
2037.61	
2037.61	
2037.62	
2037.63	
2037.65	
2037.65	
2037.66	
2037.68	
2037.68	
2037.69	
2037.7	
2037.72	
2037.72	
2037.73	
2037.75	
2037.75	
2037.76	
2037.77	
2037.79	
2037.79	
2037.8	
2037.82	
2037.82	
2037.83	
2037.84	
2037.86	
2037.86	
2037.87	
2037.89	
2037.89	
2037.9	
2037.91	
2037.93	
2037.93	
2037.94	
2037.96	
2037.96	
2037.97	
2037.98	
2038	
2038	
2038.01	
2038.03	
2038.03	
2038.04	
2038.05	
2038.07	
2038.07	
2038.08	
2038.1	
2038.1	
2038.11	
2038.12	
2038.14	
2038.14	
2038.15	
2038.17	
2038.17	
2038.18	
2038.19	
2038.21	
2038.21	
2038.22	
2038.24	
2038.24	
2038.25	
2038.26	
2038.28	
2038.28	
2038.29	
2038.31	
2038.31	
2038.32	
2038.33	
2038.35	
2038.35	
2038.36	
2038.38	
2038.38	
2038.39	
2038.4	
2038.42	
2038.42	
2038.43	
2038.45	
2038.45	
2038.46	
2038.47	
2038.49	
2038.49	
2038.5	
2038.52	
2038.52	
2038.53	
2038.54	
2038.56	
2038.56	
2038.57	
2038.59	
2038.59	
2038.6	
2038.61	
2038.63	
2038.63	
2038.64	
2038.66	
2038.66	
2038.67	
2038.68	
2038.7	
2038.7	
2038.71	
2038.73	
2038.73	
2038.74	
2038.75	
2038.77	
2038.77	
2038.78	
2038.8	
2038.8	
2038.81	
2038.82	
2038.84	
2038.84	
2038.85	
2038.87	
2038.87	
2038.88	
2038.89	
2038.91	
2038.91	
2038.92	
2038.94	
2038.94	
2038.95	
2038.96	
2038.98	
2038.98	
2038.99	
2039.01	
2039.01	
2039.02	
2039.03	
2039.05	
2039.05	
2039.06	
2039.08	
2039.08	
2039.09	
2039.1	
2039.12	
2039.12	
2039.13	
2039.15	
2039.15	
2039.16	
2039.17	
2039.19	
2039.19	
2039.2	
2039.22	
2039.22	
2039.23	
2039.24	
2039.26	
2039.26	
2039.27	
2039.29	
2039.29	
2039.3	
2039.31	
2039.33	
2039.33	
2039.34	
2039.36	
2039.36	
2039.37	
2039.38	
2039.4	
2039.4	
2039.41	
2039.43	
2039.43	
2039.44	
2039.45	
2039.47	
2039.47	
2039.48	
2039.5	
2039.5	
2039.51	
2039.52	
2039.54	
2039.54	
2039.55	
2039.57	
2039.57	
2039.58	
2039.59	
2039.61	
2039.61	
2039.62	
2039.64	
2039.64	
2039.65	
2039.66	
2039.68	
2039.68	
2039.69	
2039.71	
2039.71	
2039.72	
2039.73	
2039.75	
2039.75	
2039.76	
2039.78	
2039.78	
2039.79	
2039.8	
2039.82	
2039.82	
2039.83	
2039.85	
2039.85	
2039.86	
2039.87	
2039.89	
2039.89	
2039.9	
2039.92	
2039.92	
2039.93	
2039.94	
2039.96	
2039.96	
2039.97	
2039.99	
2039.99	
2040	
2040.01	
2040.03	
2040.03	
2040.04	
2040.06	
2040.06	
2040.07	
2040.08	
2040.1	
2040.1	
2040.11	
2040.13	
2040.13	
2040.14	
2040.15	
2040.17	
2040.17	
2040.18	
2040.2	
2040.2	
2040.21	
2040.22	
2040.24	
2040.24	
2040.25	
2040.27	
2040.27	
2040.28	
2040.29	
2040.31	
2040.31	
2040.32	
2040.34	
2040.34	
2040.35	
2040.36	
2040.38	
2040.38	
2040.39	
2040.41	
2040.41	
2040.42	
2040.43	
2040.45	
2040.45	
2040.46	
2040.48	
2040.48	
2040.49	
2040.5	
2040.52	
2040.52	
2040.53	
2040.55	
2040.55	
2040.56	
2040.57	
2040.59	
2040.59	
2040.6	
2040.62	
2040.62	
2040.63	
2040.64	
2040.66	
2040.66	
2040.67	
2040.69	
2040.69	
2040.7	
2040.71	
2040.73	
2040.73	
2040.74	
2040.76	
2040.76	
2040.77	
2040.78	
2040.8	
2040.8	
2040.81	
2040.83	
2040.83	
2040.84	
2040.85	
2040.87	
2040.87	
2040.88	
2040.9	
2040.9	
2040.91	
2040.92	
2040.94	
2040.94	
2040.95	
2040.97	
2040.97	
2040.98	
2040.99	
2041.01	
2041.01	
2041.02	
2041.04	
2041.04	
2041.05	
2041.06	
2041.08	
2041.08	
2041.09	
2041.11	
2041.11	
2041.12	
2041.13	
2041.15	
2041.15	
2041.16	
2041.18	
2041.18	
2041.19	
2041.2	
2041.22	
2041.22	
2041.23	
2041.25	
2041.25	
2041.26	
2041.27	
2041.29	
2041.29	
2041.3	
2041.32	
2041.32	
2041.33	
2041.34	
2041.36	
2041.36	
2041.37	
2041.39	
2041.39	
2041.4	
2041.41	
2041.43	
2041.43	
2041.44	
2041.46	
2041.46	
2041.47	
2041.48	
2041.5	
2041.5	
2041.51	
2041.53	
2041.53	
2041.54	
2041.55	
2041.57	
2041.57	
2041.58	
2041.6	
2041.6	
2041.61	
2041.62	
2041.64	
2041.64	
2041.65	
2041.67	
2041.67	
2041.68	
2041.69	
2041.71	
2041.71	
2041.72	
2041.74	
2041.74	
2041.75	
2041.76	
2041.78	
2041.78	
2041.79	
2041.81	
2041.81	
2041.82	
2041.83	
2041.85	
2041.85	
2041.86	
2041.88	
2041.88	
2041.89	
2041.9	
2041.92	
2041.92	
2041.93	
2041.95	
2041.95	
2041.96	
2041.97	
2041.99	
2041.99	
2042	
2042.02	
