time	
411.18	
411.194	
411.208	
411.208	
411.222	
411.236	
411.236	
411.25	
411.264	
411.278	
411.278	
411.292	
411.306	
411.306	
411.32	
411.334	
411.348	
411.348	
411.362	
411.376	
411.376	
411.39	
411.405	
411.418	
411.418	
411.432	
411.446	
411.446	
411.46	
411.474	
411.488	
411.488	
411.502	
411.516	
411.516	
411.53	
411.544	
411.558	
411.558	
411.572	
411.586	
411.586	
411.6	
411.614	
411.628	
411.628	
411.642	
411.656	
411.67	
411.67	
411.684	
411.698	
411.698	
411.712	
411.726	
411.726	
411.74	
411.754	
411.768	
411.768	
411.784	
411.796	
411.81	
411.81	
411.824	
411.839	
411.839	
411.852	
411.866	
411.866	
411.88	
411.894	
411.908	
411.908	
411.922	
411.936	
411.936	
411.95	
411.964	
411.978	
411.978	
411.992	
412.007	
412.007	
412.02	
412.034	
412.048	
412.048	
412.062	
412.076	
412.076	
412.09	
412.104	
412.118	
412.118	
412.132	
412.146	
412.146	
412.16	
412.175	
412.188	
412.188	
412.202	
412.216	
412.216	
412.23	
412.244	
412.258	
412.258	
412.272	
412.286	
412.286	
412.3	
412.314	
412.328	
412.328	
412.342	
412.356	
412.356	
412.371	
412.384	
412.398	
412.398	
412.412	
412.426	
412.426	
412.44	
412.454	
412.468	
412.468	
412.482	
412.496	
412.496	
412.51	
412.524	
412.538	
412.538	
412.552	
412.566	
412.566	
412.58	
412.594	
412.608	
412.608	
412.622	
412.636	
412.636	
412.65	
412.664	
412.679	
412.679	
412.692	
412.706	
412.706	
412.72	
412.734	
412.748	
412.748	
412.762	
412.776	
412.776	
412.79	
412.804	
412.818	
412.818	
412.832	
412.846	
412.846	
412.86	
412.874	
412.888	
412.888	
412.902	
412.916	
412.916	
412.93	
412.944	
412.958	
412.958	
412.972	
412.986	
412.986	
413	
413.014	
413.028	
413.028	
413.042	
413.056	
413.07	
413.07	
413.084	
413.098	
413.098	
413.112	
413.126	
413.14	
413.14	
413.154	
413.168	
413.168	
413.182	
413.196	
413.21	
413.21	
413.224	
413.238	
413.238	
413.252	
413.266	
413.28	
413.28	
413.294	
413.308	
413.308	
413.323	
413.336	
413.336	
413.35	
413.364	
413.378	
413.378	
413.392	
413.406	
413.406	
413.42	
413.434	
413.448	
413.448	
413.462	
413.476	
413.476	
413.49	
413.505	
413.518	
413.518	
413.532	
413.546	
413.546	
413.56	
413.574	
413.588	
413.588	
413.602	
413.616	
413.616	
413.63	
413.644	
413.658	
413.658	
413.672	
413.686	
413.686	
413.7	
413.714	
413.728	
413.728	
413.743	
413.756	
413.756	
413.77	
413.784	
413.798	
413.798	
413.812	
413.826	
413.826	
413.84	
413.854	
413.868	
413.868	
413.883	
413.896	
413.896	
413.911	
413.924	
413.938	
413.938	
413.952	
413.966	
413.966	
413.98	
413.994	
414.008	
414.008	
414.022	
414.036	
414.036	
414.051	
414.064	
414.078	
414.078	
414.092	
414.106	
414.106	
414.12	
414.134	
414.148	
414.148	
414.162	
414.176	
414.176	
414.19	
414.204	
414.218	
414.218	
414.232	
414.247	
414.247	
414.26	
414.274	
414.288	
414.288	
414.302	
414.316	
414.316	
414.33	
414.344	
414.358	
414.358	
414.372	
414.386	
414.386	
414.4	
414.414	
414.428	
414.428	
414.442	
414.456	
414.456	
414.47	
414.484	
414.498	
414.498	
414.512	
414.526	
414.526	
414.54	
414.554	
414.568	
414.568	
414.582	
414.596	
414.596	
414.61	
414.624	
414.638	
414.638	
414.652	
414.666	
414.666	
414.68	
414.694	
414.709	
414.709	
414.722	
414.736	
414.736	
414.75	
414.764	
414.778	
414.778	
414.792	
414.806	
414.806	
414.82	
414.834	
414.848	
414.848	
414.862	
414.877	
414.877	
414.89	
414.904	
414.918	
414.918	
414.932	
414.946	
414.946	
414.96	
414.975	
414.988	
414.988	
415.002	
415.016	
415.016	
415.03	
415.044	
415.058	
415.058	
415.072	
415.088	
415.088	
415.1	
415.114	
415.128	
415.128	
415.142	
415.157	
415.157	
415.17	
415.184	
415.198	
415.198	
415.212	
415.226	
415.226	
415.24	
415.254	
415.268	
415.268	
415.283	
415.296	
415.296	
415.31	
415.324	
415.338	
415.338	
415.352	
415.366	
415.366	
415.38	
415.394	
415.408	
415.408	
415.422	
415.436	
415.436	
415.45	
415.464	
415.478	
415.478	
415.492	
415.506	
415.506	
415.52	
415.534	
415.548	
415.548	
415.562	
415.576	
415.576	
415.59	
415.604	
415.618	
415.618	
415.632	
415.646	
415.646	
415.66	
415.674	
415.688	
415.688	
415.702	
415.716	
415.716	
415.73	
415.744	
415.758	
415.758	
415.772	
415.786	
415.786	
415.8	
415.814	
415.828	
415.828	
415.842	
415.856	
415.856	
415.87	
415.884	
415.898	
415.898	
415.912	
415.926	
415.926	
415.94	
415.954	
415.968	
415.968	
415.983	
415.996	
415.996	
416.011	
416.024	
416.038	
416.038	
416.052	
416.066	
416.066	
416.08	
416.095	
416.108	
416.108	
416.123	
416.136	
416.136	
416.15	
416.164	
416.178	
416.178	
416.192	
416.206	
416.206	
416.22	
416.234	
416.25	
416.25	
416.262	
416.276	
416.276	
416.29	
416.304	
416.318	
416.318	
416.332	
416.348	
416.348	
416.36	
416.375	
416.388	
416.388	
416.402	
416.416	
416.416	
416.43	
416.446	
416.458	
416.458	
416.472	
416.486	
416.486	
416.5	
416.514	
416.528	
416.528	
416.542	
416.556	
416.556	
416.57	
416.586	
416.598	
416.598	
416.613	
416.626	
416.626	
416.64	
416.654	
416.668	
416.668	
416.682	
416.696	
416.696	
416.711	
416.724	
416.738	
416.738	
416.752	
416.766	
416.766	
416.78	
416.794	
416.808	
416.808	
416.822	
416.836	
416.836	
416.85	
416.864	
416.878	
416.878	
416.892	
416.906	
416.906	
416.92	
416.934	
416.948	
416.948	
416.962	
416.976	
416.976	
416.99	
417.004	
417.018	
417.018	
417.032	
417.046	
417.046	
417.06	
417.074	
417.09	
417.09	
417.102	
417.117	
417.117	
417.13	
417.144	
417.158	
417.158	
417.172	
417.186	
417.186	
417.2	
417.214	
417.228	
417.228	
417.242	
417.257	
417.257	
417.27	
417.286	
417.298	
417.298	
417.312	
417.326	
417.326	
417.34	
417.355	
417.368	
417.368	
417.382	
417.396	
417.396	
417.41	
417.424	
417.438	
417.438	
417.452	
417.466	
417.466	
417.48	
417.494	
417.508	
417.508	
417.522	
417.536	
417.536	
417.55	
417.564	
417.578	
417.578	
417.592	
417.606	
417.606	
417.62	
417.634	
417.648	
417.648	
417.664	
417.678	
417.678	
417.69	
417.704	
417.718	
417.718	
417.732	
417.746	
417.746	
417.761	
417.774	
417.788	
417.788	
417.802	
417.816	
417.816	
417.831	
417.844	
417.859	
417.859	
417.872	
417.887	
417.887	
417.9	
417.914	
417.929	
417.929	
417.942	
417.957	
417.957	
417.97	
417.984	
417.998	
417.998	
418.012	
418.026	
418.026	
418.04	
418.054	
418.068	
418.068	
418.082	
418.096	
418.096	
418.11	
418.125	
418.138	
418.138	
418.152	
418.166	
418.166	
418.18	
418.194	
418.208	
418.208	
418.222	
418.236	
418.236	
418.252	
418.264	
418.278	
418.278	
418.292	
418.306	
418.306	
418.32	
418.334	
418.348	
418.348	
418.362	
418.376	
418.376	
418.39	
418.404	
418.418	
418.418	
418.432	
418.446	
418.446	
418.46	
418.474	
418.488	
418.488	
418.502	
418.517	
418.517	
418.53	
418.546	
418.558	
418.558	
418.572	
418.586	
418.586	
418.6	
418.614	
418.628	
418.628	
418.642	
418.656	
418.656	
418.67	
418.684	
418.698	
418.698	
418.712	
418.726	
418.726	
418.74	
418.754	
418.768	
418.768	
418.782	
418.796	
418.796	
418.81	
418.824	
418.838	
418.838	
418.852	
418.866	
418.866	
418.88	
418.894	
418.908	
418.908	
418.922	
418.936	
418.951	
418.951	
418.964	
418.98	
418.98	
418.992	
