time	
1043.28	
1043.28	
1043.3	
1043.31	
1043.31	
1043.33	
1043.34	
1043.34	
1043.35	
1043.37	
1043.38	
1043.38	
1043.4	
1043.41	
1043.41	
1043.42	
1043.44	
1043.45	
1043.45	
1043.47	
1043.48	
1043.48	
1043.49	
1043.51	
1043.52	
1043.52	
1043.54	
1043.55	
1043.55	
1043.57	
1043.58	
1043.59	
1043.59	
1043.61	
1043.62	
1043.62	
1043.63	
1043.65	
1043.66	
1043.66	
1043.68	
1043.69	
1043.69	
1043.7	
1043.72	
1043.73	
1043.73	
1043.75	
1043.76	
1043.76	
1043.77	
1043.79	
1043.8	
1043.8	
1043.82	
1043.83	
1043.83	
1043.84	
1043.86	
1043.87	
1043.87	
1043.89	
1043.9	
1043.9	
1043.92	
1043.93	
1043.94	
1043.94	
1043.96	
1043.97	
1043.97	
1043.98	
1044	
1044.01	
1044.01	
1044.03	
1044.04	
1044.04	
1044.05	
1044.07	
1044.08	
1044.08	
1044.1	
1044.11	
1044.11	
1044.12	
1044.14	
1044.15	
1044.15	
1044.17	
1044.18	
1044.18	
1044.19	
1044.21	
1044.22	
1044.22	
1044.24	
1044.25	
1044.25	
1044.26	
1044.28	
1044.29	
1044.29	
1044.31	
1044.32	
1044.32	
1044.33	
1044.35	
1044.36	
1044.36	
1044.38	
1044.39	
1044.39	
1044.4	
1044.42	
1044.43	
1044.43	
1044.45	
1044.46	
1044.46	
1044.47	
1044.49	
1044.5	
1044.5	
1044.52	
1044.53	
1044.53	
1044.54	
1044.54	
1044.57	
1044.57	
1044.59	
1044.6	
1044.6	
1044.61	
1044.63	
1044.64	
1044.64	
1044.66	
1044.67	
1044.67	
1044.68	
1044.7	
1044.71	
1044.71	
1044.73	
1044.74	
1044.74	
1044.75	
1044.77	
1044.78	
1044.78	
1044.8	
1044.81	
1044.81	
1044.83	
1044.84	
1044.84	
1044.86	
1044.87	
1044.88	
1044.88	
1044.89	
1044.91	
1044.92	
1044.92	
1044.94	
1044.95	
1044.95	
1044.96	
1044.98	
1044.99	
1044.99	
1045.01	
1045.02	
1045.02	
1045.03	
1045.05	
1045.06	
1045.06	
1045.08	
1045.09	
1045.09	
1045.1	
1045.12	
1045.13	
1045.13	
1045.15	
1045.16	
1045.16	
1045.17	
1045.19	
1045.2	
1045.2	
1045.22	
1045.23	
1045.23	
1045.24	
1045.26	
1045.27	
1045.27	
1045.29	
1045.3	
1045.3	
1045.31	
1045.33	
1045.33	
1045.35	
1045.36	
1045.37	
1045.37	
1045.39	
1045.4	
1045.41	
1045.41	
1045.43	
1045.44	
1045.44	
1045.45	
1045.47	
1045.48	
1045.48	
1045.5	
1045.51	
1045.51	
1045.52	
1045.54	
1045.55	
1045.55	
1045.57	
1045.58	
1045.58	
1045.59	
1045.61	
1045.62	
1045.62	
1045.64	
1045.65	
1045.65	
1045.66	
1045.68	
1045.69	
1045.69	
1045.71	
1045.72	
1045.72	
1045.73	
1045.75	
1045.75	
1045.77	
1045.78	
1045.79	
1045.79	
1045.8	
1045.82	
1045.83	
1045.83	
1045.85	
1045.86	
1045.86	
1045.87	
1045.89	
1045.9	
1045.9	
1045.92	
1045.93	
1045.93	
1045.94	
1045.96	
1045.96	
1045.98	
1045.99	
1046	
1046	
1046.01	
1046.03	
1046.04	
1046.04	
1046.06	
1046.07	
1046.07	
1046.08	
1046.1	
1046.11	
1046.11	
1046.13	
1046.14	
1046.14	
1046.16	
1046.17	
1046.18	
1046.18	
1046.2	
1046.21	
1046.21	
1046.22	
1046.24	
1046.25	
1046.25	
1046.27	
1046.28	
1046.28	
1046.29	
1046.31	
1046.32	
1046.32	
1046.34	
1046.35	
1046.35	
1046.37	
1046.38	
1046.38	
1046.4	
1046.41	
1046.42	
1046.42	
1046.43	
1046.45	
1046.46	
1046.46	
1046.48	
1046.49	
1046.49	
1046.5	
1046.52	
1046.53	
1046.53	
1046.55	
1046.56	
1046.56	
1046.57	
1046.59	
1046.6	
1046.6	
1046.62	
1046.63	
1046.63	
1046.65	
1046.66	
1046.67	
1046.67	
1046.69	
1046.7	
1046.7	
1046.72	
1046.73	
1046.74	
1046.74	
1046.76	
1046.77	
1046.77	
1046.79	
1046.8	
1046.81	
1046.81	
1046.83	
1046.84	
1046.84	
1046.85	
1046.87	
1046.88	
1046.88	
1046.9	
1046.91	
1046.91	
1046.93	
1046.94	
1046.95	
1046.95	
1046.97	
1046.98	
1046.98	
1047	
1047.01	
1047.03	
1047.03	
1047.04	
1047.05	
1047.05	
1047.07	
1047.09	
1047.1	
1047.1	
1047.11	
1047.13	
1047.13	
1047.14	
1047.16	
1047.16	
1047.16	
1047.18	
1047.2	
1047.2	
1047.21	
1047.22	
1047.24	
1047.24	
1047.25	
1047.26	
1047.26	
1047.28	
1047.29	
1047.3	
1047.3	
1047.33	
1047.34	
1047.34	
1047.35	
1047.36	
1047.37	
1047.37	
1047.39	
1047.4	
1047.4	
1047.41	
1047.43	
1047.44	
1047.44	
1047.46	
1047.47	
1047.47	
1047.48	
1047.5	
1047.51	
1047.51	
1047.53	
1047.54	
1047.54	
1047.55	
1047.57	
1047.58	
1047.58	
1047.6	
1047.61	
1047.61	
1047.63	
1047.64	
1047.65	
1047.65	
1047.67	
1047.68	
1047.68	
1047.69	
1047.71	
1047.72	
1047.72	
1047.74	
1047.75	
1047.75	
1047.76	
1047.78	
1047.79	
1047.79	
1047.81	
1047.82	
1047.83	
1047.83	
1047.85	
1047.86	
1047.86	
1047.88	
1047.89	
1047.89	
1047.91	
1047.92	
1047.93	
1047.93	
1047.95	
1047.96	
1047.96	
1047.97	
1047.99	
1048	
1048	
1048.02	
1048.03	
1048.05	
1048.05	
1048.06	
1048.07	
1048.09	
1048.09	
1048.1	
1048.12	
1048.13	
1048.13	
1048.14	
1048.16	
1048.16	
1048.17	
1048.17	
1048.17	
1048.2	
1048.2	
1048.22	
1048.22	
1048.25	
1048.25	
1048.25	
1048.27	
1048.27	
1048.29	
1048.29	
1048.31	
1048.33	
1048.33	
1048.34	
1048.34	
1048.34	
1048.37	
1048.37	
1048.37	
1048.4	
1048.41	
1048.41	
1048.43	
1048.43	
1048.45	
1048.45	
1048.48	
1048.48	
1048.49	
1048.49	
1048.52	
1048.52	
1048.54	
1048.55	
1048.55	
1048.56	
1048.58	
1048.58	
1048.59	
1048.61	
1048.61	
1048.62	
1048.63	
1048.63	
1048.65	
1048.66	
1048.68	
1048.69	
1048.69	
1048.7	
1048.72	
1048.72	
1048.73	
1048.75	
1048.75	
1048.76	
1048.78	
1048.78	
1048.79	
1048.8	
1048.82	
1048.82	
1048.83	
1048.84	
1048.84	
1048.86	
1048.87	
1048.89	
1048.89	
1048.9	
1048.92	
1048.93	
1048.93	
1048.95	
1048.95	
1048.95	
1048.97	
1048.98	
1049	
1049	
1049.01	
1049.03	
1049.04	
1049.04	
1049.05	
1049.05	
1049.07	
1049.08	
1049.1	
1049.11	
1049.12	
1049.12	
1049.14	
1049.14	
1049.15	
1049.15	
1049.16	
1049.18	
1049.19	
1049.19	
1049.21	
1049.22	
1049.22	
1049.23	
1049.25	
1049.26	
1049.26	
1049.28	
1049.29	
1049.29	
1049.3	
1049.32	
1049.33	
1049.33	
1049.35	
1049.36	
1049.36	
1049.38	
1049.39	
1049.4	
1049.4	
1049.42	
1049.43	
1049.43	
1049.44	
1049.46	
1049.47	
1049.47	
1049.49	
1049.5	
1049.5	
1049.52	
1049.53	
1049.54	
1049.54	
1049.56	
1049.57	
1049.57	
1049.58	
1049.6	
1049.61	
1049.61	
1049.63	
1049.64	
1049.64	
1049.65	
1049.67	
1049.68	
1049.68	
1049.7	
1049.71	
1049.71	
1049.72	
1049.74	
1049.75	
1049.75	
1049.77	
1049.78	
1049.78	
1049.79	
1049.81	
1049.82	
1049.82	
1049.84	
1049.85	
1049.85	
1049.86	
1049.88	
1049.89	
1049.89	
1049.91	
1049.92	
1049.92	
1049.93	
1049.95	
1049.96	
1049.96	
1049.98	
1049.99	
1049.99	
1050.01	
1050.02	
1050.03	
1050.03	
1050.05	
1050.06	
1050.06	
1050.07	
1050.09	
1050.1	
1050.1	
1050.12	
1050.13	
1050.13	
1050.15	
1050.16	
1050.17	
1050.17	
1050.19	
1050.2	
1050.2	
1050.21	
1050.23	
1050.24	
1050.24	
1050.26	
1050.27	
1050.27	
1050.28	
1050.3	
1050.31	
1050.31	
1050.31	
1050.34	
1050.35	
1050.36	
1050.37	
1050.37	
1050.39	
1050.4	
1050.41	
1050.42	
1050.44	
1050.44	
1050.45	
1050.47	
1050.47	
1050.48	
1050.49	
1050.49	
1050.51	
1050.52	
1050.52	
1050.54	
1050.55	
1050.55	
1050.57	
1050.58	
1050.58	
1050.6	
1050.61	
1050.62	
1050.63	
1050.63	
1050.65	
1050.66	
1050.66	
1050.68	
1050.69	
1050.7	
1050.7	
1050.72	
1050.73	
1050.73	
1050.75	
1050.76	
1050.77	
1050.77	
1050.79	
1050.8	
1050.8	
1050.82	
1050.83	
1050.83	
1050.85	
1050.86	
1050.87	
1050.87	
1050.89	
1050.9	
1050.91	
1050.91	
1050.93	
1050.94	
1050.94	
1050.96	
1050.97	
1050.98	
1050.98	
