time	
5553.22	
5553.23	
5553.24	
5553.26	
5553.26	
5553.27	
5553.28	
5553.28	
5553.3	
5553.31	
5553.33	
5553.33	
5553.34	
5553.35	
5553.37	
5553.37	
5553.38	
5553.4	
5553.4	
5553.41	
5553.42	
5553.42	
5553.44	
5553.45	
5553.47	
5553.47	
5553.48	
5553.49	
5553.49	
5553.51	
5553.52	
5553.54	
5553.54	
5553.55	
5553.56	
5553.56	
5553.58	
5553.59	
5553.6	
5553.6	
5553.62	
5553.63	
5553.63	
5553.65	
5553.66	
5553.68	
5553.68	
5553.69	
5553.7	
5553.7	
5553.72	
5553.73	
5553.75	
5553.75	
5553.76	
5553.77	
5553.79	
5553.79	
5553.8	
5553.82	
5553.82	
5553.83	
5553.84	
5553.84	
5553.86	
5553.87	
5553.89	
5553.89	
5553.9	
5553.91	
5553.91	
5553.93	
5553.94	
5553.96	
5553.96	
5553.97	
5553.98	
5553.98	
5554	
5554.01	
5554.03	
5554.03	
5554.04	
5554.05	
5554.05	
5554.07	
5554.08	
5554.1	
5554.1	
5554.11	
5554.12	
5554.12	
5554.14	
5554.15	
5554.17	
5554.17	
5554.18	
5554.19	
5554.19	
5554.21	
5554.22	
5554.24	
5554.24	
5554.25	
5554.26	
5554.26	
5554.28	
5554.29	
5554.31	
5554.31	
5554.32	
5554.33	
5554.35	
5554.35	
5554.36	
5554.38	
5554.38	
5554.39	
5554.4	
5554.4	
5554.42	
5554.43	
5554.45	
5554.45	
5554.46	
5554.47	
5554.47	
5554.49	
5554.5	
5554.52	
5554.52	
5554.53	
5554.54	
5554.54	
5554.56	
5554.57	
5554.59	
5554.6	
5554.6	
5554.61	
5554.61	
5554.63	
5554.64	
5554.66	
5554.66	
5554.67	
5554.68	
5554.68	
5554.7	
5554.71	
5554.73	
5554.73	
5554.74	
5554.75	
5554.75	
5554.77	
5554.78	
5554.8	
5554.8	
5554.81	
5554.83	
5554.83	
5554.84	
5554.85	
5554.87	
5554.87	
5554.88	
5554.89	
5554.89	
5554.91	
5554.92	
5554.94	
5554.94	
5554.95	
5554.96	
5554.96	
5554.98	
5555	
5555.01	
5555.01	
5555.02	
5555.03	
5555.03	
5555.05	
5555.06	
5555.06	
5555.08	
5555.09	
5555.1	
5555.1	
5555.12	
5555.13	
5555.15	
5555.15	
5555.17	
5555.17	
5555.17	
5555.19	
5555.2	
5555.2	
5555.22	
5555.23	
5555.24	
5555.24	
5555.26	
5555.27	
5555.29	
5555.29	
5555.3	
5555.32	
5555.32	
5555.33	
5555.34	
5555.34	
5555.36	
5555.37	
5555.38	
5555.38	
5555.4	
5555.41	
5555.43	
5555.43	
5555.44	
5555.45	
5555.45	
5555.47	
5555.48	
5555.48	
5555.5	
5555.51	
5555.52	
5555.52	
5555.54	
5555.55	
5555.57	
5555.57	
5555.58	
5555.59	
5555.59	
5555.61	
5555.62	
5555.64	
5555.64	
5555.65	
5555.66	
5555.66	
5555.68	
5555.69	
5555.71	
5555.71	
5555.72	
5555.73	
5555.73	
5555.75	
5555.76	
5555.78	
5555.78	
5555.79	
5555.8	
5555.8	
5555.82	
5555.83	
5555.85	
5555.85	
5555.86	
5555.87	
5555.87	
5555.89	
5555.9	
5555.9	
5555.92	
5555.93	
5555.94	
5555.94	
5555.96	
5555.97	
5555.99	
5555.99	
5556	
5556.01	
5556.01	
5556.03	
5556.04	
5556.06	
5556.06	
5556.07	
5556.08	
5556.08	
5556.1	
5556.11	
5556.12	
5556.12	
5556.14	
5556.15	
5556.15	
5556.17	
5556.17	
5556.2	
5556.2	
5556.21	
5556.22	
5556.22	
5556.24	
5556.25	
5556.27	
5556.27	
5556.28	
5556.29	
5556.29	
5556.31	
5556.32	
5556.34	
5556.34	
5556.35	
5556.36	
5556.36	
5556.38	
5556.39	
5556.41	
5556.41	
5556.42	
5556.43	
5556.43	
5556.45	
5556.46	
5556.48	
5556.48	
5556.49	
5556.5	
5556.5	
5556.52	
5556.53	
5556.55	
5556.55	
5556.56	
5556.58	
5556.58	
5556.59	
5556.6	
5556.62	
5556.62	
5556.62	
5556.64	
5556.64	
5556.66	
5556.67	
5556.69	
5556.69	
5556.7	
5556.71	
5556.71	
5556.73	
5556.74	
5556.76	
5556.76	
5556.77	
5556.78	
5556.78	
5556.8	
5556.81	
5556.83	
5556.83	
5556.84	
5556.85	
5556.85	
5556.87	
5556.88	
5556.9	
5556.9	
5556.91	
5556.92	
5556.92	
5556.94	
5556.95	
5556.97	
5556.97	
5556.98	
5556.99	
5556.99	
5557.01	
5557.02	
5557.04	
5557.04	
5557.05	
5557.06	
5557.06	
5557.08	
5557.09	
5557.1	
5557.1	
5557.12	
5557.13	
5557.13	
5557.15	
5557.16	
5557.18	
5557.18	
5557.19	
5557.2	
5557.2	
5557.22	
5557.23	
5557.25	
5557.25	
5557.26	
5557.27	
5557.27	
5557.29	
5557.3	
5557.32	
5557.32	
5557.33	
5557.34	
5557.34	
5557.36	
5557.37	
5557.39	
5557.39	
5557.4	
5557.41	
5557.41	
5557.43	
5557.44	
5557.46	
5557.46	
5557.47	
5557.48	
5557.5	
5557.5	
5557.51	
5557.53	
5557.53	
5557.54	
5557.55	
5557.55	
5557.57	
5557.58	
5557.6	
5557.6	
5557.61	
5557.62	
5557.62	
5557.64	
5557.65	
5557.67	
5557.67	
5557.68	
5557.69	
5557.69	
5557.71	
5557.72	
5557.74	
5557.74	
5557.75	
5557.76	
5557.76	
5557.78	
5557.79	
5557.81	
5557.81	
5557.82	
5557.83	
5557.83	
5557.85	
5557.86	
5557.88	
5557.88	
5557.89	
5557.9	
5557.9	
5557.92	
5557.93	
5557.95	
5557.95	
5557.96	
5557.97	
5557.97	
5557.99	
5558	
5558.02	
5558.02	
5558.03	
5558.04	
5558.04	
5558.06	
5558.07	
5558.08	
5558.08	
5558.1	
5558.11	
5558.11	
5558.13	
5558.14	
5558.16	
5558.16	
5558.17	
5558.18	
5558.18	
5558.2	
5558.21	
5558.23	
5558.23	
5558.24	
5558.25	
5558.25	
5558.27	
5558.28	
5558.3	
5558.3	
5558.31	
5558.32	
5558.32	
5558.34	
5558.35	
5558.37	
5558.37	
5558.38	
5558.39	
5558.39	
5558.41	
5558.42	
5558.44	
5558.44	
5558.45	
5558.46	
5558.46	
5558.48	
5558.49	
5558.51	
5558.51	
5558.52	
5558.53	
5558.53	
5558.55	
5558.56	
5558.58	
5558.58	
5558.59	
5558.6	
5558.6	
5558.62	
5558.63	
5558.65	
5558.65	
5558.66	
5558.67	
5558.67	
5558.69	
5558.7	
5558.72	
5558.72	
5558.73	
5558.74	
5558.74	
5558.76	
5558.77	
5558.79	
5558.79	
5558.8	
5558.81	
5558.81	
5558.83	
5558.84	
5558.85	
5558.85	
5558.87	
5558.88	
5558.88	
5558.9	
5558.91	
5558.93	
5558.93	
5558.94	
5558.95	
5558.95	
5558.97	
5558.98	
5559	
5559	
5559.01	
5559.02	
5559.02	
5559.04	
5559.05	
5559.07	
5559.07	
5559.08	
5559.09	
5559.09	
5559.11	
5559.12	
5559.14	
5559.14	
5559.15	
5559.16	
5559.16	
5559.18	
5559.19	
5559.21	
5559.21	
5559.22	
5559.23	
5559.23	
5559.25	
5559.26	
5559.28	
5559.28	
5559.29	
5559.3	
5559.3	
5559.32	
5559.33	
5559.35	
5559.35	
5559.36	
5559.37	
5559.37	
5559.39	
5559.4	
5559.42	
5559.42	
5559.43	
5559.44	
5559.44	
5559.46	
5559.47	
5559.49	
5559.49	
5559.5	
5559.51	
5559.51	
5559.53	
5559.54	
5559.56	
5559.56	
5559.57	
5559.58	
5559.58	
5559.6	
5559.61	
5559.62	
5559.62	
5559.64	
5559.65	
5559.65	
5559.67	
5559.68	
5559.7	
5559.7	
5559.71	
5559.72	
5559.72	
5559.74	
5559.75	
5559.77	
5559.77	
5559.78	
5559.79	
5559.79	
5559.81	
5559.82	
5559.83	
5559.83	
5559.85	
5559.86	
5559.86	
5559.88	
5559.89	
5559.91	
5559.91	
5559.92	
5559.93	
5559.93	
5559.95	
5559.96	
5559.98	
5559.98	
5559.99	
5560	
5560	
5560.02	
5560.03	
5560.05	
5560.05	
5560.06	
5560.07	
5560.07	
5560.09	
5560.1	
5560.12	
5560.12	
5560.13	
5560.14	
5560.14	
5560.16	
5560.17	
5560.19	
5560.19	
5560.2	
5560.21	
5560.21	
5560.23	
5560.24	
5560.26	
5560.26	
5560.27	
5560.28	
5560.28	
5560.3	
5560.31	
5560.33	
5560.33	
5560.34	
5560.35	
5560.35	
5560.37	
5560.38	
5560.4	
5560.4	
5560.41	
5560.42	
5560.42	
5560.44	
5560.45	
5560.47	
5560.47	
5560.48	
5560.49	
5560.49	
5560.51	
5560.52	
5560.54	
5560.54	
5560.55	
5560.56	
5560.56	
5560.58	
5560.59	
5560.6	
5560.6	
5560.62	
5560.63	
5560.63	
5560.65	
5560.66	
5560.68	
5560.68	
5560.69	
5560.7	
5560.7	
5560.72	
5560.73	
5560.75	
5560.75	
5560.76	
5560.77	
5560.77	
5560.79	
5560.8	
5560.82	
5560.82	
5560.83	
5560.84	
5560.84	
5560.86	
5560.87	
5560.89	
5560.89	
5560.9	
5560.91	
5560.91	
5560.93	
5560.94	
5560.96	
5560.96	
5560.97	
5560.98	
5560.98	
5561	
5561.01	
5561.03	
5561.03	
5561.04	
