time	
249.116	
249.13	
249.13	
249.144	
249.158	
249.158	
249.174	
249.186	
249.2	
249.2	
249.214	
249.228	
249.228	
249.242	
249.256	
249.27	
249.27	
249.284	
249.298	
249.298	
249.312	
249.326	
249.34	
249.34	
249.354	
249.37	
249.37	
249.382	
249.396	
249.41	
249.41	
249.424	
249.44	
249.44	
249.452	
249.468	
249.468	
249.481	
249.494	
249.508	
249.508	
249.522	
249.536	
249.55	
249.55	
249.564	
249.578	
249.578	
249.592	
249.606	
249.62	
249.62	
249.635	
249.648	
249.648	
249.662	
249.676	
249.69	
249.69	
249.704	
249.718	
249.718	
249.732	
249.746	
249.76	
249.76	
249.774	
249.788	
249.788	
249.802	
249.816	
249.83	
249.83	
249.844	
249.858	
249.858	
249.872	
249.887	
249.9	
249.9	
249.914	
249.928	
249.928	
249.942	
249.956	
249.97	
249.97	
249.984	
249.998	
249.998	
250.012	
250.026	
250.04	
250.04	
250.054	
250.068	
250.068	
250.083	
250.096	
250.11	
250.11	
250.124	
250.138	
250.138	
250.152	
250.166	
250.166	
250.182	
250.194	
250.208	
250.208	
250.222	
250.237	
250.237	
250.237	
250.264	
250.278	
250.278	
250.292	
250.306	
250.32	
250.32	
250.334	
250.348	
250.348	
250.362	
250.378	
250.39	
250.39	
250.405	
250.418	
250.418	
250.432	
250.446	
250.46	
250.46	
250.474	
250.488	
250.488	
250.502	
250.516	
250.53	
250.53	
250.544	
250.558	
250.558	
250.573	
250.587	
250.6	
250.6	
250.615	
250.628	
250.628	
250.643	
250.656	
250.67	
250.67	
250.684	
250.698	
250.698	
250.713	
250.726	
250.74	
250.74	
250.754	
250.769	
250.769	
250.784	
250.796	
250.81	
250.81	
250.824	
250.838	
250.838	
250.852	
250.866	
250.88	
250.88	
250.894	
250.908	
250.908	
250.922	
250.936	
250.95	
250.95	
250.964	
250.978	
250.978	
250.992	
251.006	
251.02	
251.02	
251.034	
251.034	
251.057	
251.062	
251.076	
251.09	
251.09	
251.104	
251.118	
251.118	
251.132	
251.132	
251.16	
251.16	
251.175	
251.19	
251.19	
251.202	
251.216	
251.23	
251.23	
251.244	
251.258	
251.258	
251.272	
251.288	
251.3	
251.3	
251.314	
251.329	
251.329	
251.342	
251.356	
251.356	
251.373	
251.384	
251.4	
251.4	
251.412	
251.426	
251.44	
251.44	
251.456	
251.468	
251.468	
251.482	
251.496	
251.51	
251.51	
251.524	
251.538	
251.538	
251.552	
251.566	
251.58	
251.58	
251.594	
251.608	
251.608	
251.622	
251.636	
251.65	
251.65	
251.664	
251.678	
251.678	
251.692	
251.706	
251.72	
251.72	
251.734	
251.748	
251.748	
251.762	
251.776	
251.791	
251.791	
251.811	
251.818	
251.818	
251.832	
251.847	
251.86	
251.86	
251.874	
251.888	
251.888	
251.902	
251.916	
251.93	
251.93	
251.944	
251.958	
251.958	
251.972	
251.987	
251.987	
252.005	
252.014	
252.028	
252.028	
252.042	
252.056	
252.07	
252.07	
252.084	
252.098	
252.098	
252.112	
252.126	
252.14	
252.14	
252.155	
252.168	
252.168	
252.182	
252.196	
252.21	
252.21	
252.224	
252.241	
252.241	
252.252	
252.266	
252.28	
252.28	
252.294	
252.308	
252.308	
252.324	
252.336	
252.35	
252.35	
252.364	
252.364	
252.364	
252.392	
252.406	
252.42	
252.42	
252.434	
252.448	
252.448	
252.462	
252.476	
252.492	
252.492	
252.504	
252.518	
252.518	
252.532	
252.546	
252.56	
252.56	
252.574	
252.574	
252.591	
252.602	
252.616	
252.63	
252.63	
252.644	
252.658	
252.658	
252.672	
252.686	
252.7	
252.7	
252.714	
252.728	
252.728	
252.742	
252.757	
252.77	
252.77	
252.784	
252.798	
252.798	
252.812	
252.827	
252.827	
252.841	
252.86	
252.868	
252.868	
252.883	
252.896	
252.91	
252.91	
252.924	
252.938	
252.938	
252.952	
252.966	
252.966	
252.983	
252.994	
252.994	
253.013	
253.022	
253.036	
253.051	
253.051	
253.064	
253.064	
253.086	
253.092	
253.111	
253.12	
253.12	
253.134	
253.149	
253.149	
253.162	
253.162	
253.192	
253.192	
253.204	
253.218	
253.218	
253.232	
253.248	
253.26	
253.26	
253.274	
253.288	
253.288	
253.302	
253.316	
253.33	
253.33	
253.344	
253.358	
253.358	
253.372	
253.386	
253.4	
253.4	
253.414	
253.429	
253.429	
253.442	
253.458	
253.47	
253.47	
253.484	
253.498	
253.498	
253.512	
253.526	
253.54	
253.54	
253.554	
253.568	
253.568	
253.582	
253.596	
253.61	
253.61	
253.624	
253.638	
253.638	
253.652	
253.666	
253.68	
253.68	
253.694	
253.708	
253.708	
253.722	
253.736	
253.75	
253.75	
253.764	
253.778	
253.778	
253.792	
253.806	
253.82	
253.82	
253.834	
253.848	
253.848	
253.862	
253.876	
253.89	
253.89	
253.904	
253.918	
253.918	
253.932	
253.946	
253.96	
253.96	
253.975	
253.988	
253.988	
254.002	
254.016	
254.03	
254.03	
254.044	
254.058	
254.058	
254.072	
254.086	
254.1	
254.1	
254.115	
254.128	
254.128	
254.142	
254.156	
254.17	
254.17	
254.184	
254.198	
254.198	
254.212	
254.226	
254.24	
254.24	
254.255	
254.268	
254.268	
254.282	
254.296	
254.31	
254.31	
254.338	
254.338	
254.338	
254.352	
254.367	
254.38	
254.38	
254.394	
254.409	
254.409	
254.422	
254.436	
254.45	
254.45	
254.464	
254.478	
254.478	
254.494	
254.506	
254.52	
254.52	
254.534	
254.548	
254.548	
254.562	
254.576	
254.59	
254.59	
254.604	
254.618	
254.618	
254.632	
254.646	
254.66	
254.66	
254.674	
254.688	
254.688	
254.702	
254.716	
254.73	
254.73	
254.744	
254.758	
254.758	
254.772	
254.786	
254.8	
254.8	
254.814	
254.828	
254.843	
254.843	
254.856	
254.87	
254.884	
254.898	
254.898	
254.912	
254.926	
254.94	
254.954	
254.954	
254.969	
254.969	
254.982	
254.996	
255.01	
255.01	
255.024	
255.038	
255.038	
255.052	
255.066	
255.081	
255.081	
255.094	
255.109	
255.109	
255.122	
255.136	
255.15	
255.15	
255.164	
255.178	
255.178	
255.192	
255.206	
255.22	
255.22	
255.234	
255.248	
255.248	
255.262	
255.276	
255.29	
255.29	
255.304	
255.318	
255.318	
255.332	
255.346	
255.36	
255.36	
255.374	
255.388	
255.388	
255.402	
255.416	
255.43	
255.43	
255.444	
255.458	
255.458	
255.473	
255.486	
255.5	
255.5	
255.514	
255.528	
255.528	
255.542	
255.556	
255.57	
255.57	
255.584	
255.598	
255.598	
255.612	
255.626	
255.64	
255.64	
255.654	
255.668	
255.668	
255.682	
255.696	
255.71	
255.71	
255.724	
255.738	
255.738	
255.753	
255.766	
255.78	
255.78	
255.796	
255.808	
255.808	
255.822	
255.836	
255.851	
255.851	
255.864	
255.878	
255.878	
255.892	
255.906	
255.92	
255.92	
255.934	
255.949	
255.949	
255.962	
255.976	
255.99	
255.99	
256.004	
256.018	
256.018	
256.032	
256.046	
256.06	
256.06	
256.074	
256.09	
256.09	
256.102	
256.116	
256.13	
256.13	
256.144	
256.158	
256.158	
256.172	
256.186	
256.2	
256.2	
256.214	
256.228	
256.228	
256.242	
256.256	
256.27	
256.27	
256.284	
256.298	
256.298	
256.312	
256.327	
256.34	
256.34	
256.354	
256.368	
256.368	
256.383	
256.396	
256.41	
256.41	
256.424	
256.438	
256.438	
256.452	
256.466	
256.48	
256.48	
256.494	
256.508	
256.508	
256.522	
256.536	
256.55	
256.564	
256.564	
256.578	
256.578	
256.592	
256.606	
256.62	
256.62	
256.634	
256.648	
256.648	
256.662	
256.676	
256.69	
256.69	
256.704	
256.718	
256.718	
256.732	
256.746	
256.76	
256.76	
256.774	
256.788	
256.788	
256.802	
256.816	
256.831	
256.831	
256.844	
256.858	
256.858	
256.872	
256.887	
256.9	
256.9	
256.914	
256.928	
256.928	
256.942	
256.956	
256.97	
256.97	
256.984	
256.998	
256.998	
257.012	
257.026	
257.04	
257.04	
257.054	
257.069	
257.069	
257.082	
257.096	
257.11	
257.11	
257.124	
257.138	
257.138	
257.152	
257.166	
257.18	
257.18	
257.194	
257.208	
